6.1996e-03 1.5025e-03 2.03 2.03 
1.8103e-03 1.5060e-03 1.76 3.79 
1.4926e-03 1.2813e-03 1.76 5.54 
1.4355e-03 1.2495e-03 1.76 7.30 
1.2862e-03 1.0235e-03 1.76 9.06 
1.3111e-03 2.5483e-03 1.79 10.85 
1.2420e-03 1.0906e-03 1.76 12.61 
1.2013e-03 9.2150e-04 1.76 14.36 
1.1353e-03 1.4375e-03 1.76 16.12 
1.1592e-03 1.0768e-03 1.76 17.88 
9.8387e-04 2.6067e-03 1.79 19.68 
9.5200e-04 1.0652e-03 1.76 21.43 
9.7560e-04 1.9791e-03 1.76 23.20 
9.2300e-04 1.6435e-03 1.75 24.95 
9.3829e-04 1.2341e-03 1.76 26.71 
9.3523e-04 6.6417e-04 1.79 28.50 
8.7515e-04 6.5583e-04 1.76 30.25 
9.3266e-04 1.0131e-03 1.76 32.01 
8.6359e-04 4.2313e-04 1.76 33.77 
8.5560e-04 1.6860e-03 1.75 35.52 
8.6603e-04 9.1104e-04 1.81 37.32 
8.8168e-04 1.0227e-03 1.75 39.08 
8.0614e-04 7.4434e-04 1.76 40.84 
7.9598e-04 8.4799e-04 1.76 42.60 
8.2333e-04 1.1269e-03 1.77 44.36 
8.0765e-04 5.0404e-04 1.79 46.15 
8.8397e-04 6.6708e-04 1.75 47.90 
8.0025e-04 7.1372e-04 1.75 49.65 
7.9874e-04 5.8154e-04 1.76 51.41 
7.5112e-04 1.0233e-03 1.76 53.17 
7.3200e-04 1.2299e-03 1.79 54.96 
7.5998e-04 1.4090e-03 1.76 56.72 
7.1626e-04 6.6084e-04 1.76 58.48 
7.1222e-04 8.9830e-04 1.75 60.23 
7.2250e-04 5.6439e-04 1.76 61.99 
6.8959e-04 5.0167e-04 1.79 63.78 
6.3858e-04 3.7915e-04 1.76 65.53 
6.3701e-04 5.6047e-04 1.76 67.29 
6.9554e-04 7.2619e-04 1.76 69.05 
6.6915e-04 4.5639e-04 1.76 70.81 
6.4880e-04 4.8187e-04 1.78 72.59 
6.6615e-04 6.1452e-04 1.76 74.35 
6.7915e-04 6.7777e-04 1.75 76.10 
7.3387e-04 6.3061e-04 1.76 77.86 
6.8512e-04 4.2800e-04 1.76 79.62 
6.2877e-04 1.0257e-03 1.79 81.41 
6.9019e-04 5.8231e-04 1.75 83.16 
6.4839e-04 3.6583e-04 1.76 84.93 
6.5023e-04 6.6656e-04 1.75 86.67 
6.2494e-04 6.5838e-04 1.74 88.42 
5.7780e-04 6.0041e-04 1.78 90.20 
6.0138e-04 5.8416e-04 1.75 91.95 
6.6494e-04 7.0483e-04 1.75 93.70 
5.8797e-04 5.6432e-04 1.75 95.45 
5.8942e-04 5.3801e-04 1.76 97.21 
6.3554e-04 5.2299e-04 1.79 99.01 
6.6892e-04 8.1686e-04 1.76 100.76 
6.2249e-04 4.4894e-04 1.75 102.52 
5.7436e-04 4.6053e-04 1.74 104.26 
6.0491e-04 7.7919e-04 1.75 106.01 
6.3940e-04 5.5969e-04 1.78 107.79 
5.4132e-04 5.4122e-04 1.74 109.53 
5.8514e-04 5.9761e-04 1.74 111.27 
5.6033e-04 7.0658e-04 1.74 113.01 
5.5745e-04 5.4512e-04 1.75 114.76 
6.2053e-04 8.1522e-04 1.79 116.55 
5.4413e-04 3.5501e-04 1.76 118.31 
6.1898e-04 6.3662e-04 1.75 120.06 
5.9569e-04 4.1149e-04 1.75 121.81 
6.0265e-04 7.2381e-04 1.75 123.56 
5.4626e-04 4.2152e-04 1.79 125.34 
5.9074e-04 5.7121e-04 1.74 127.09 
5.5982e-04 6.0022e-04 1.75 128.84 
5.5606e-04 7.6901e-04 1.74 130.58 
5.5960e-04 6.0699e-04 1.76 132.34 
6.3391e-04 6.4570e-04 1.79 134.13 
5.0498e-04 7.6542e-04 1.75 135.87 
5.4728e-04 1.0150e-03 1.75 137.62 
5.1087e-04 6.7611e-04 1.76 139.38 
5.1727e-04 6.5231e-04 1.75 141.13 
5.7086e-04 3.1937e-04 1.78 142.91 
5.8392e-04 4.2756e-04 1.74 144.65 
5.3580e-04 3.7986e-04 1.75 146.40 
5.6056e-04 4.9853e-04 1.74 148.14 
5.6816e-04 5.5875e-04 1.74 149.88 
5.4001e-04 5.6269e-04 1.78 151.66 
5.3309e-04 7.3707e-04 1.76 153.42 
5.3699e-04 3.7873e-04 1.75 155.18 
5.5914e-04 4.0795e-04 1.77 156.95 
5.5152e-04 4.2526e-04 1.76 158.71 
6.4418e-04 4.6783e-04 1.79 160.51 
5.0277e-04 3.4915e-04 1.76 162.26 
5.9997e-04 4.4252e-04 1.77 164.03 
5.4485e-04 3.4892e-04 1.76 165.79 
5.5899e-04 5.4277e-04 1.76 167.55 
5.1802e-04 5.2373e-04 1.79 169.34 
4.7620e-04 3.6522e-04 1.76 171.10 
5.0943e-04 3.4661e-04 1.75 172.86 
4.8782e-04 4.4760e-04 1.76 174.61 
5.2329e-04 4.0800e-04 1.76 176.37 
5.2376e-04 4.4809e-04 1.80 178.17 
5.0716e-04 6.3486e-04 1.76 179.92 
5.1934e-04 3.7703e-04 1.76 181.68 
5.0687e-04 6.5518e-04 1.76 183.44 
4.9145e-04 6.4474e-04 1.77 185.21 
5.5054e-04 8.4898e-04 1.78 186.99 
5.3602e-04 8.1205e-04 1.76 188.75 
5.4636e-04 5.7936e-04 1.76 190.51 
5.2746e-04 5.6264e-04 1.77 192.27 
4.9553e-04 5.4790e-04 1.76 194.03 
5.2967e-04 5.5416e-04 1.78 195.81 
5.4180e-04 4.9567e-04 1.75 197.56 
5.2057e-04 5.5178e-04 1.76 199.32 
4.9672e-04 4.9518e-04 1.75 201.07 
5.2170e-04 5.9870e-04 1.76 202.83 
4.8233e-04 3.8767e-04 1.79 204.62 
5.2358e-04 5.7110e-04 1.78 206.39 
4.7512e-04 4.9308e-04 1.75 208.14 
4.6959e-04 4.4000e-04 1.76 209.90 
5.2844e-04 6.0316e-04 1.75 211.65 
4.8180e-04 4.2078e-04 1.80 213.45 
5.0782e-04 4.8814e-04 1.76 215.21 
4.6064e-04 4.7219e-04 1.77 216.98 
4.6244e-04 4.1377e-04 1.75 218.73 
4.9923e-04 4.3487e-04 1.76 220.49 
4.8808e-04 4.0542e-04 1.79 222.28 
4.9047e-04 4.5625e-04 1.76 224.03 
5.3659e-04 2.9715e-04 1.75 225.79 
4.9989e-04 3.7765e-04 1.76 227.54 
5.0998e-04 3.5978e-04 1.75 229.30 
4.6316e-04 5.1403e-04 1.79 231.08 
4.8277e-04 3.7102e-04 1.75 232.83 
4.5440e-04 3.7752e-04 1.76 234.59 
4.9253e-04 5.9394e-04 1.76 236.34 
5.1066e-04 4.8379e-04 1.76 238.11 
4.9145e-04 5.6448e-04 1.78 239.89 
4.4885e-04 4.9589e-04 1.76 241.64 
4.6978e-04 3.8130e-04 1.76 243.40 
4.8497e-04 7.7895e-04 1.76 245.16 
5.0640e-04 4.8096e-04 1.75 246.91 
4.8325e-04 4.5815e-04 1.79 248.71 
4.8008e-04 3.0350e-04 1.76 250.47 
4.8507e-04 3.0605e-04 1.76 252.22 
4.6431e-04 4.3482e-04 1.76 253.98 
4.3624e-04 3.2503e-04 1.75 255.73 
4.7647e-04 3.8555e-04 1.80 257.53 
4.8791e-04 3.3919e-04 1.76 259.29 
4.9667e-04 4.3191e-04 1.75 261.04 
4.5709e-04 4.3145e-04 1.76 262.80 
5.0304e-04 3.6629e-04 1.76 264.56 
4.7126e-04 8.0591e-04 1.80 266.36 
5.2156e-04 6.3327e-04 1.75 268.12 
4.9519e-04 4.1436e-04 1.75 269.87 
4.6501e-04 8.5615e-04 1.75 271.62 
4.5542e-04 3.2774e-04 1.75 273.37 
4.8056e-04 6.6244e-04 1.78 275.16 
4.6304e-04 5.4529e-04 1.76 276.92 
4.3083e-04 6.0932e-04 1.75 278.67 
4.7490e-04 4.9016e-04 1.75 280.43 
4.5354e-04 7.4375e-04 1.76 282.18 
4.6454e-04 6.8000e-04 1.80 283.98 
4.2729e-04 3.8919e-04 1.75 285.73 
4.5135e-04 4.6910e-04 1.76 287.48 
4.3612e-04 5.3336e-04 1.76 289.24 
4.1400e-04 4.8503e-04 1.76 291.00 
4.5529e-04 3.7291e-04 1.79 292.79 
4.5555e-04 5.0148e-04 1.75 294.54 
4.5643e-04 4.6905e-04 1.75 296.30 
4.5713e-04 5.1621e-04 1.76 298.06 
4.6910e-04 4.2131e-04 1.76 299.82 
4.2942e-04 3.3478e-04 1.78 301.60 
4.6298e-04 5.6481e-04 1.76 303.36 
4.9146e-04 3.7464e-04 1.76 305.12 
4.6710e-04 8.2057e-04 1.75 306.87 
4.7005e-04 6.5212e-04 1.76 308.63 
4.3308e-04 6.6825e-04 1.80 310.42 
4.2160e-04 4.2828e-04 1.77 312.19 
4.9841e-04 3.6488e-04 1.76 313.95 
4.3459e-04 5.9827e-04 1.76 315.70 
1.7983e-04 1.4189e-04 1.75 317.46 
1.8820e-04 1.7589e-04 1.79 319.25 
1.8066e-04 1.6263e-04 1.75 321.00 
1.8033e-04 1.8320e-04 1.75 322.75 
1.7682e-04 1.5207e-04 1.75 324.50 
1.8527e-04 1.5534e-04 1.76 326.26 
1.6916e-04 1.5999e-04 1.79 328.06 
1.6870e-04 1.5236e-04 1.75 329.81 
1.7882e-04 1.5905e-04 1.76 331.57 
1.6669e-04 1.6345e-04 1.76 333.33 
1.6373e-04 1.9357e-04 1.75 335.08 
1.7175e-04 1.8479e-04 1.81 336.89 
1.7552e-04 2.7597e-04 1.75 338.64 
1.7833e-04 1.7117e-04 1.75 340.39 
1.6211e-04 3.0536e-04 1.76 342.15 
1.6811e-04 1.8457e-04 1.75 343.90 
1.6785e-04 1.7088e-04 1.80 345.70 
1.6508e-04 1.6879e-04 1.75 347.46 
1.6959e-04 1.6743e-04 1.76 349.21 
1.6299e-04 1.8031e-04 1.76 350.97 
1.6537e-04 1.7514e-04 1.76 352.73 
1.6931e-04 1.9041e-04 1.80 354.52 
1.5996e-04 1.8898e-04 1.75 356.27 
1.6788e-04 1.4668e-04 1.77 358.04 
1.6655e-04 1.6587e-04 1.76 359.79 
1.6809e-04 1.7685e-04 1.76 361.55 
1.6453e-04 1.2583e-04 1.79 363.34 
1.7085e-04 1.1982e-04 1.75 365.09 
1.6153e-04 1.4676e-04 1.76 366.85 
1.6431e-04 1.4913e-04 1.75 368.60 
1.6435e-04 1.2059e-04 1.76 370.36 
1.6031e-04 1.4411e-04 1.79 372.15 
1.5701e-04 1.0492e-04 1.76 373.91 
1.5789e-04 1.1972e-04 1.75 375.66 
1.5938e-04 1.0655e-04 1.75 377.41 
1.5669e-04 1.1918e-04 1.76 379.17 
1.5874e-04 1.3183e-04 1.78 380.95 
1.6598e-04 1.6411e-04 1.75 382.70 
1.6468e-04 1.5025e-04 1.74 384.45 
1.6073e-04 1.8068e-04 1.75 386.20 
1.6916e-04 1.6603e-04 1.74 387.94 
1.5533e-04 1.4315e-04 1.79 389.72 
1.7318e-04 1.8426e-04 1.74 391.47 
1.6338e-04 2.2696e-04 1.75 393.21 
1.5693e-04 1.4397e-04 1.74 394.95 
1.6823e-04 1.9972e-04 1.75 396.71 
1.4355e-04 1.6954e-04 1.78 398.49 
1.4478e-04 1.1317e-04 1.75 400.24 
1.5169e-04 1.6745e-04 1.75 401.99 
1.5347e-04 1.7851e-04 1.76 403.75 
1.4788e-04 1.3700e-04 1.74 405.49 
1.6515e-04 2.1989e-04 1.78 407.27 
1.6659e-04 1.8097e-04 1.75 409.02 
1.6864e-04 1.3056e-04 1.75 410.77 
1.6480e-04 1.4068e-04 1.75 412.52 
1.6043e-04 2.3516e-04 1.74 414.26 
1.6950e-04 2.3761e-04 1.78 416.04 
1.6787e-04 1.9986e-04 1.76 417.80 
1.6388e-04 1.2724e-04 1.74 419.55 
1.6066e-04 1.2621e-04 1.74 421.29 
1.6074e-04 1.6535e-04 1.75 423.04 
1.7203e-04 1.6114e-04 1.79 424.83 
1.5247e-04 1.6322e-04 1.75 426.58 
1.5634e-04 1.4670e-04 1.75 428.33 
1.6869e-04 1.9688e-04 1.75 430.07 
1.5769e-04 1.5157e-04 1.76 431.83 
1.5285e-04 1.3917e-04 1.78 433.61 
1.5628e-04 1.2785e-04 1.75 435.37 
1.6045e-04 1.4693e-04 1.75 437.12 
1.5945e-04 1.3591e-04 1.76 438.88 
1.6213e-04 2.0207e-04 1.75 440.63 
1.5541e-04 1.8743e-04 1.78 442.41 
1.5733e-04 1.3637e-04 1.75 444.16 
1.5489e-04 1.9051e-04 1.76 445.92 
1.5575e-04 1.6058e-04 1.76 447.67 
1.5603e-04 1.5022e-04 1.75 449.42 
1.4879e-04 1.1325e-04 1.79 451.21 
1.5907e-04 1.6485e-04 1.77 452.98 
1.3940e-04 1.7083e-04 1.76 454.74 
1.5803e-04 1.4089e-04 1.76 456.50 
1.5032e-04 1.5609e-04 1.75 458.26 
1.4733e-04 1.4300e-04 1.78 460.04 
1.4813e-04 1.4925e-04 1.75 461.79 
1.5262e-04 1.3420e-04 1.76 463.55 
8.0824e-05 7.7017e-05 1.75 465.30 
7.9474e-05 7.7168e-05 1.76 467.06 
8.0968e-05 1.1639e-04 1.78 468.84 
8.0928e-05 1.1281e-04 1.76 470.60 
8.0402e-05 1.1212e-04 1.75 472.34 
8.0181e-05 1.0805e-04 1.76 474.10 
8.0263e-05 1.0712e-04 1.76 475.85 
8.5976e-05 8.2248e-05 1.80 477.66 
8.4463e-05 8.0363e-05 1.75 479.41 
8.3930e-05 8.1101e-05 1.75 481.16 
8.4226e-05 8.0940e-05 1.76 482.92 
8.2792e-05 7.9983e-05 1.75 484.66 
7.8090e-05 1.1230e-04 1.79 486.46 
7.9130e-05 9.3192e-05 1.75 488.21 
7.8855e-05 1.0101e-04 1.75 489.96 
7.9498e-05 9.4086e-05 1.76 491.72 
7.8545e-05 9.5846e-05 1.75 493.46 
8.0174e-05 7.4954e-05 1.79 495.25 
7.7772e-05 7.5445e-05 1.75 497.00 
7.7613e-05 7.5280e-05 1.76 498.76 
7.7479e-05 7.4883e-05 1.75 500.51 
7.7192e-05 7.5630e-05 1.76 502.27 
7.7016e-05 9.7432e-05 1.79 504.05 
7.6400e-05 1.0292e-04 1.76 505.81 
7.8600e-05 9.9324e-05 1.75 507.56 
7.6784e-05 9.3259e-05 1.76 509.32 
7.6637e-05 9.3705e-05 1.75 511.08 
7.7439e-05 8.9311e-05 1.79 512.86 
7.8227e-05 8.4639e-05 1.75 514.62 
7.7521e-05 8.5445e-05 1.77 516.39 
7.7460e-05 8.4048e-05 1.76 518.15 
7.7182e-05 8.3363e-05 1.74 519.89 
7.4942e-05 7.8936e-05 1.78 521.67 
7.4678e-05 7.6029e-05 1.76 523.44 
7.4866e-05 7.6332e-05 1.76 525.19 
7.7662e-05 7.2566e-05 1.76 526.95 
7.3129e-05 7.6431e-05 1.75 528.69 
7.4593e-05 8.0238e-05 1.79 530.49 
7.6837e-05 9.1976e-05 1.76 532.24 
7.4157e-05 8.7172e-05 1.75 533.99 
7.5403e-05 8.2390e-05 1.75 535.74 
7.4988e-05 8.9541e-05 1.76 537.50 
7.6966e-05 6.9294e-05 1.78 539.28 
7.6015e-05 7.0979e-05 1.76 541.04 
7.5919e-05 7.0621e-05 1.75 542.79 
7.5779e-05 7.1842e-05 1.76 544.56 
7.5775e-05 7.0966e-05 1.75 546.31 
7.4568e-05 7.1913e-05 1.79 548.10 
7.4151e-05 7.1564e-05 1.75 549.85 
7.6990e-05 7.4381e-05 1.75 551.60 
7.3023e-05 7.0384e-05 1.75 553.36 
7.5285e-05 7.3812e-05 1.75 555.11 
7.7767e-05 8.1437e-05 1.78 556.89 
7.6243e-05 8.2841e-05 1.77 558.65 
7.4570e-05 9.0092e-05 1.75 560.40 
7.4785e-05 9.3087e-05 1.76 562.16 
7.7503e-05 8.7743e-05 1.76 563.91 
7.7155e-05 1.2086e-04 1.78 565.70 
7.6298e-05 1.3101e-04 1.76 567.45 
7.6611e-05 1.3058e-04 1.75 569.20 
7.6014e-05 1.3006e-04 1.75 570.95 
7.6540e-05 1.3031e-04 1.76 572.71 
7.4582e-05 8.6178e-05 1.79 574.50 
7.3120e-05 8.9001e-05 1.76 576.26 
7.4536e-05 8.5040e-05 1.76 578.01 
7.5255e-05 8.4832e-05 1.75 579.76 
7.8167e-05 1.1556e-04 1.75 581.51 
7.1991e-05 9.4188e-05 1.78 583.29 
7.3339e-05 9.3476e-05 1.75 585.05 
7.3602e-05 1.0068e-04 1.75 586.80 
7.4004e-05 1.0480e-04 1.76 588.56 
7.4109e-05 1.0471e-04 1.75 590.31 
7.2671e-05 7.1560e-05 1.79 592.09 
7.5089e-05 7.3520e-05 1.75 593.84 
7.7319e-05 7.2480e-05 1.75 595.59 
7.5612e-05 7.1805e-05 1.75 597.34 
7.5366e-05 7.1347e-05 1.76 599.09 
7.1266e-05 6.9443e-05 1.78 600.87 
7.3863e-05 7.1232e-05 1.75 602.63 
7.2736e-05 7.1192e-05 1.76 604.39 
7.5981e-05 6.9982e-05 1.75 606.15 
7.3279e-05 7.0429e-05 1.75 607.90 
7.5003e-05 8.2187e-05 1.79 609.68 
7.4220e-05 7.4373e-05 1.75 611.43 
7.2701e-05 9.0368e-05 1.76 613.19 
7.4379e-05 8.9198e-05 1.75 614.94 
7.6078e-05 8.7259e-05 1.75 616.70 
7.2673e-05 7.3653e-05 1.79 618.49 
7.2036e-05 6.8460e-05 1.75 620.24 
7.2504e-05 7.2352e-05 1.75 621.99 
7.2547e-05 7.4481e-05 1.76 623.75 
7.1860e-05 7.4226e-05 1.75 625.50 
7.3978e-05 6.7745e-05 1.77 627.27 
7.5870e-05 6.8996e-05 1.77 629.04 
7.6642e-05 7.0123e-05 1.76 630.81 
7.5997e-05 7.4617e-05 1.74 632.55 
7.4769e-05 6.9763e-05 1.75 634.30 
6.9985e-05 6.8382e-05 1.78 636.08 
7.6714e-05 7.2371e-05 1.73 637.81 
7.5170e-05 7.0712e-05 1.74 639.55 
7.0093e-05 6.5131e-05 1.73 641.28 
7.5290e-05 6.9952e-05 1.74 643.02 
7.5033e-05 9.3063e-05 4.37 647.39 
7.5291e-05 9.7331e-05 1.73 649.12 
7.3393e-05 7.5105e-05 1.73 650.85 
7.3223e-05 9.0133e-05 1.73 652.58 
7.2439e-05 7.4253e-05 1.72 654.30 
7.1827e-05 7.6917e-05 1.77 656.07 
7.1980e-05 8.1563e-05 1.74 657.81 
7.1257e-05 7.8707e-05 1.74 659.54 
7.3006e-05 6.7412e-05 1.73 661.27 
7.0226e-05 7.7306e-05 1.74 663.01 
7.0022e-05 7.5233e-05 1.75 664.76 
7.0761e-05 7.2224e-05 1.75 666.51 
7.1886e-05 7.6112e-05 1.72 668.23 
7.0557e-05 7.3045e-05 1.72 669.96 
7.0836e-05 6.4941e-05 1.72 671.68 
6.8824e-05 7.5798e-05 1.76 673.44 
7.1296e-05 8.5012e-05 1.73 675.17 
7.2986e-05 8.7700e-05 1.73 676.90 
7.2524e-05 8.7236e-05 1.72 678.62 
7.2233e-05 8.6681e-05 1.73 680.36 
7.2580e-05 6.7511e-05 1.75 682.11 
7.1525e-05 6.6692e-05 1.72 683.83 
7.2217e-05 6.7822e-05 1.72 685.55 
7.1979e-05 6.8141e-05 1.72 687.27 
7.4317e-05 6.5504e-05 1.73 689.00 
7.1714e-05 7.3660e-05 1.76 690.75 
7.2010e-05 7.0940e-05 1.73 692.48 
7.1096e-05 7.0070e-05 1.73 694.21 
7.2640e-05 6.7533e-05 1.74 695.95 
7.2166e-05 6.7960e-05 1.73 697.68 
6.9778e-05 6.8224e-05 1.77 699.45 
7.2087e-05 6.9033e-05 1.73 701.18 
6.8456e-05 6.8649e-05 1.71 702.89 
6.9017e-05 6.9690e-05 1.71 704.60 
6.9190e-05 7.2584e-05 1.73 706.33 
7.0442e-05 6.4079e-05 1.76 708.09 
7.1453e-05 6.5856e-05 1.71 709.80 
6.9123e-05 6.4320e-05 1.73 711.53 
6.9505e-05 7.6481e-05 1.72 713.25 
7.1711e-05 6.5089e-05 1.72 714.97 
6.7510e-05 7.1804e-05 1.74 716.72 
7.0889e-05 8.1877e-05 1.73 718.44 
7.0009e-05 8.4745e-05 1.73 720.17 
6.7857e-05 9.0249e-05 1.73 721.90 
6.8294e-05 7.1493e-05 1.72 723.62 
6.9616e-05 7.9566e-05 1.77 725.38 
7.0836e-05 7.4169e-05 1.73 727.11 
7.1056e-05 7.8750e-05 1.73 728.84 
6.9295e-05 7.6007e-05 1.73 730.57 
6.9082e-05 7.4486e-05 1.72 732.30 
7.2572e-05 6.3979e-05 1.77 734.07 
7.2008e-05 8.5972e-05 1.74 735.80 
7.0374e-05 6.3435e-05 1.72 737.53 
7.1722e-05 7.6433e-05 1.74 739.26 
7.1171e-05 7.4866e-05 1.73 741.00 
7.2388e-05 7.6721e-05 1.76 742.76 
7.3175e-05 7.0156e-05 1.73 744.49 
7.1584e-05 7.3656e-05 1.74 746.23 
7.3744e-05 6.6216e-05 1.74 747.97 
7.3455e-05 6.6657e-05 1.73 749.70 
7.0060e-05 6.8007e-05 1.76 751.46 
7.0199e-05 6.5883e-05 1.72 753.18 
7.0199e-05 6.6713e-05 1.74 754.92 
6.8817e-05 6.7361e-05 1.74 756.67 
6.9920e-05 7.2997e-05 1.73 758.40 
6.9553e-05 6.0159e-05 1.76 760.16 
7.1798e-05 6.5631e-05 1.74 761.90 
7.1029e-05 7.4364e-05 1.73 763.63 
7.1485e-05 8.3435e-05 1.75 765.38 
7.1574e-05 8.2100e-05 1.74 767.13 
7.2181e-05 9.2055e-05 1.75 768.88 
7.0264e-05 1.0617e-04 1.72 770.60 
6.9706e-05 8.1631e-05 1.73 772.33 
6.9523e-05 8.0588e-05 1.73 774.06 
7.0063e-05 8.9980e-05 1.73 775.79 
6.7576e-05 5.6631e-05 1.77 777.56 
6.7698e-05 5.6801e-05 1.74 779.29 
6.7069e-05 5.7056e-05 1.74 781.04 
6.9399e-05 5.8052e-05 1.72 782.76 
6.7818e-05 5.8131e-05 1.74 784.49 
6.6660e-05 6.6234e-05 1.76 786.25 
6.8119e-05 7.7668e-05 1.74 787.99 
6.8270e-05 7.6839e-05 1.73 789.72 
7.4826e-05 6.6334e-05 1.73 791.45 
7.1272e-05 6.5443e-05 1.74 793.19 
6.9652e-05 7.8069e-05 1.79 794.98 
6.9632e-05 8.1065e-05 1.73 796.71 
7.0292e-05 6.8556e-05 1.73 798.44 
6.9494e-05 6.7921e-05 1.73 800.16 
7.0413e-05 6.2463e-05 1.74 801.90 
6.9011e-05 6.7240e-05 1.76 803.66 
6.9099e-05 6.7457e-05 1.74 805.40 
6.9746e-05 7.0126e-05 1.73 807.13 
6.8470e-05 6.8128e-05 1.75 808.88 
6.7946e-05 6.8898e-05 1.73 810.61 
7.0456e-05 8.1312e-05 1.77 812.38 
6.6353e-05 6.4915e-05 1.74 814.11 
6.9580e-05 6.1886e-05 1.74 815.86 
6.7291e-05 6.6164e-05 1.73 817.59 
7.0021e-05 5.8376e-05 1.74 819.33 
6.9515e-05 6.4913e-05 1.75 821.08 
6.8959e-05 6.4714e-05 1.74 822.82 
6.7935e-05 6.2476e-05 1.72 824.54 
6.9507e-05 6.3688e-05 1.74 826.28 
6.8489e-05 6.6089e-05 1.73 828.01 
6.9937e-05 6.7457e-05 1.77 829.78 
7.0887e-05 7.5575e-05 1.74 831.52 
6.9558e-05 7.7991e-05 1.73 833.25 
7.3859e-05 7.5240e-05 1.74 834.98 
6.9658e-05 7.3097e-05 1.74 836.72 
6.9905e-05 6.3197e-05 1.77 838.49 
6.4816e-05 6.6466e-05 1.74 840.23 
6.8870e-05 7.5163e-05 1.72 841.95 
6.7086e-05 6.9921e-05 1.73 843.68 
6.7197e-05 6.4605e-05 1.73 845.41 
6.7583e-05 6.6000e-05 1.76 847.17 
6.9103e-05 6.7091e-05 1.72 848.89 
7.0781e-05 6.6492e-05 1.73 850.63 
6.8102e-05 7.0839e-05 1.73 852.36 
6.8060e-05 6.7720e-05 1.73 854.09 
6.6350e-05 7.6563e-05 1.76 855.85 
6.7739e-05 1.0613e-04 1.73 857.58 
7.0268e-05 6.7228e-05 1.74 859.32 
7.0293e-05 6.9555e-05 1.73 861.05 
7.1157e-05 8.6715e-05 1.73 862.78 
6.9061e-05 7.0945e-05 1.76 864.54 
6.7530e-05 6.8999e-05 1.73 866.27 
4.8752e-05 5.2532e-05 1.74 868.01 
4.9377e-05 5.2922e-05 1.73 869.74 
4.9635e-05 5.3255e-05 1.73 871.47 
4.9825e-05 5.7644e-05 1.76 873.23 
4.9661e-05 5.7028e-05 1.73 874.96 
4.9547e-05 5.6761e-05 1.73 876.69 
4.9500e-05 5.6712e-05 1.74 878.42 
4.9459e-05 5.6321e-05 1.73 880.15 
5.0142e-05 5.1305e-05 1.76 881.91 
4.9739e-05 5.1178e-05 1.74 883.65 
4.9728e-05 5.1123e-05 1.74 885.39 
4.9682e-05 5.1094e-05 1.73 887.12 
4.9681e-05 5.1076e-05 1.73 888.85 
4.8798e-05 5.5970e-05 1.76 890.61 
4.8831e-05 5.6370e-05 1.73 892.34 
4.8805e-05 5.6477e-05 1.73 894.06 
4.8761e-05 5.6533e-05 1.73 895.80 
4.8725e-05 5.6604e-05 1.72 897.52 
4.9099e-05 6.0446e-05 1.76 899.28 
4.9065e-05 6.0660e-05 1.73 901.01 
4.9046e-05 6.0890e-05 1.73 902.74 
4.9016e-05 6.0225e-05 1.73 904.47 
4.8982e-05 6.0295e-05 1.73 906.20 
4.9463e-05 5.5013e-05 1.76 907.96 
4.8989e-05 5.4969e-05 1.74 909.70 
4.8907e-05 5.4568e-05 1.73 911.44 
4.8876e-05 5.4330e-05 1.74 913.18 
4.8848e-05 5.4307e-05 1.73 914.91 
4.9687e-05 5.1477e-05 1.76 916.67 
4.9342e-05 5.1594e-05 1.73 918.40 
4.9289e-05 5.1688e-05 1.74 920.14 
4.9264e-05 5.1695e-05 1.74 921.89 
4.9262e-05 5.1665e-05 1.74 923.63 
4.8799e-05 5.2897e-05 1.75 925.37 
4.8710e-05 5.3304e-05 1.73 927.11 
4.8689e-05 5.3607e-05 1.74 928.84 
4.8671e-05 5.3784e-05 1.73 930.58 
4.8620e-05 5.3919e-05 1.72 932.30 
4.9194e-05 5.0659e-05 1.75 934.05 
4.9004e-05 5.0493e-05 1.74 935.79 
4.8916e-05 5.0445e-05 1.73 937.53 
4.8887e-05 5.0464e-05 1.74 939.27 
4.8849e-05 5.0425e-05 1.73 941.00 
4.9485e-05 5.0545e-05 1.77 942.77 
4.9274e-05 5.0569e-05 1.74 944.50 
4.9245e-05 5.0563e-05 1.74 946.25 
4.9220e-05 5.0524e-05 1.74 947.99 
4.9170e-05 5.0563e-05 1.73 949.71 
4.8855e-05 5.5311e-05 1.76 951.47 
4.8901e-05 5.5117e-05 1.72 953.19 
4.8844e-05 5.4979e-05 1.73 954.92 
4.8815e-05 5.4816e-05 1.72 956.64 
4.8802e-05 5.4755e-05 1.71 958.35 
4.8394e-05 5.6973e-05 1.77 960.12 
4.8521e-05 5.6877e-05 1.73 961.85 
4.8452e-05 5.7479e-05 1.73 963.57 
4.8394e-05 5.8096e-05 1.71 965.28 
4.8381e-05 5.8221e-05 1.73 967.01 
4.8643e-05 5.4666e-05 1.75 968.76 
4.8521e-05 5.4790e-05 1.73 970.49 
4.8453e-05 5.4833e-05 1.72 972.21 
4.8417e-05 5.4640e-05 1.72 973.93 
4.8334e-05 5.4692e-05 1.73 975.66 
4.8159e-05 5.2446e-05 1.74 977.40 
4.8270e-05 5.2532e-05 1.71 979.11 
4.8268e-05 5.2669e-05 1.72 980.83 
4.8204e-05 5.2471e-05 1.71 982.54 
4.8194e-05 5.2416e-05 1.71 984.25 
4.8408e-05 7.3496e-05 1.75 986.00 
4.8143e-05 7.3063e-05 1.73 987.74 
4.8030e-05 6.7485e-05 1.72 989.46 
4.7987e-05 6.6402e-05 1.73 991.19 
4.8023e-05 6.8690e-05 1.72 992.91 
4.8934e-05 5.4905e-05 1.76 994.67 
4.8486e-05 5.4367e-05 1.72 996.39 
4.8345e-05 5.3989e-05 1.72 998.11 
4.8290e-05 5.3950e-05 1.74 999.85 
4.8291e-05 5.3706e-05 1.73 1001.58 
4.9501e-05 5.2678e-05 1.76 1003.34 
4.9267e-05 5.2747e-05 1.73 1005.06 
4.9186e-05 5.2834e-05 1.72 1006.79 
4.9106e-05 5.2846e-05 1.71 1008.50 
4.9071e-05 5.2858e-05 1.71 1010.21 
4.8162e-05 5.7741e-05 1.75 1011.96 
4.8105e-05 5.8532e-05 1.73 1013.69 
4.8003e-05 5.8238e-05 1.74 1015.43 
4.7979e-05 5.8028e-05 1.72 1017.15 
4.7909e-05 5.8071e-05 1.73 1018.88 
4.8373e-05 5.0586e-05 1.76 1020.64 
4.8272e-05 5.0460e-05 1.73 1022.37 
4.8262e-05 5.0325e-05 1.72 1024.09 
4.8262e-05 5.0176e-05 1.72 1025.81 
4.8206e-05 5.0143e-05 1.74 1027.55 
4.7801e-05 5.5744e-05 1.76 1029.31 
4.7782e-05 5.6361e-05 1.73 1031.04 
4.7778e-05 5.6232e-05 1.72 1032.76 
4.7768e-05 5.6324e-05 1.74 1034.50 
4.7764e-05 5.6410e-05 1.73 1036.23 
4.8021e-05 5.0776e-05 1.76 1037.99 
4.7873e-05 5.0513e-05 1.74 1039.73 
4.7821e-05 5.0806e-05 1.74 1041.48 
4.7786e-05 5.0767e-05 1.72 1043.20 
4.7772e-05 5.0878e-05 1.73 1044.93 
4.7611e-05 5.6447e-05 1.77 1046.70 
4.7599e-05 5.4730e-05 1.74 1048.45 
4.7590e-05 5.4598e-05 1.73 1050.18 
4.7573e-05 5.3297e-05 1.73 1051.91 
4.7528e-05 5.3619e-05 1.74 1053.65 
4.7276e-05 5.2572e-05 1.76 1055.41 
4.7335e-05 5.2419e-05 1.73 1057.15 
4.7331e-05 5.3000e-05 1.74 1058.88 
4.7293e-05 5.3358e-05 1.72 1060.61 
4.7322e-05 5.4088e-05 1.74 1062.34 
4.8100e-05 4.9173e-05 1.77 1064.11 
4.7637e-05 4.9289e-05 1.73 1065.84 
4.7568e-05 4.9513e-05 1.73 1067.58 
4.7519e-05 4.9336e-05 1.73 1069.31 
4.7502e-05 4.9273e-05 1.74 1071.05 
4.7263e-05 4.9169e-05 1.77 1072.82 
4.7291e-05 4.9294e-05 1.73 1074.55 
4.7234e-05 4.9386e-05 1.74 1076.29 
4.7200e-05 4.9533e-05 1.74 1078.03 
4.7246e-05 4.9720e-05 1.74 1079.78 
4.8473e-05 5.2128e-05 1.77 1081.54 
4.8144e-05 5.1622e-05 1.73 1083.27 
4.7995e-05 5.1455e-05 1.74 1085.01 
4.7970e-05 5.1050e-05 1.74 1086.75 
4.7954e-05 5.1305e-05 1.74 1088.49 
4.6775e-05 5.0786e-05 1.77 1090.26 
4.6626e-05 5.0134e-05 1.74 1092.00 
4.6599e-05 4.9739e-05 1.74 1093.74 
4.6579e-05 4.9593e-05 1.74 1095.48 
4.6520e-05 4.9579e-05 1.73 1097.21 
4.7368e-05 5.5087e-05 1.76 1098.97 
4.7058e-05 5.4736e-05 1.73 1100.70 
4.7047e-05 5.4703e-05 1.74 1102.44 
4.6973e-05 5.4527e-05 1.73 1104.17 
4.6944e-05 5.4286e-05 1.74 1105.91 
4.7724e-05 6.2694e-05 1.75 1107.66 
4.7536e-05 6.0623e-05 1.73 1109.39 
4.7372e-05 5.9420e-05 1.74 1111.13 
4.7351e-05 5.9181e-05 1.72 1112.85 
4.7306e-05 5.8548e-05 1.74 1114.59 
4.7101e-05 4.8629e-05 1.76 1116.35 
4.7083e-05 4.8780e-05 1.73 1118.09 
4.7064e-05 4.8907e-05 1.75 1119.83 
4.7060e-05 4.8988e-05 1.73 1121.57 
4.7002e-05 4.9048e-05 1.74 1123.30 
4.7188e-05 5.0244e-05 1.76 1125.07 
4.6952e-05 4.9770e-05 1.73 1126.80 
4.6888e-05 4.9638e-05 1.73 1128.52 
4.6920e-05 4.9677e-05 1.73 1130.25 
4.6959e-05 4.9672e-05 1.73 1131.98 
4.6947e-05 4.9416e-05 1.77 1133.75 
4.6913e-05 4.9480e-05 1.73 1135.47 
4.6911e-05 4.9646e-05 1.72 1137.20 
4.6881e-05 4.9736e-05 1.72 1138.92 
4.6879e-05 4.9857e-05 1.74 1140.67 
4.6240e-05 5.5166e-05 1.78 1142.45 
4.6352e-05 5.5272e-05 1.74 1144.19 
4.6364e-05 5.5421e-05 1.73 1145.92 
4.6286e-05 5.5441e-05 1.75 1147.67 
4.6349e-05 5.6095e-05 1.74 1149.40 
4.6714e-05 5.3513e-05 1.76 1151.17 
4.6494e-05 5.4450e-05 1.74 1152.91 
4.6460e-05 5.3518e-05 1.73 1154.64 
4.6409e-05 5.3848e-05 1.75 1156.39 
4.6397e-05 5.3488e-05 1.73 1158.12 
4.7292e-05 5.0500e-05 1.77 1159.89 
4.7055e-05 5.0030e-05 1.74 1161.64 
4.7004e-05 4.9905e-05 1.73 1163.37 
4.6985e-05 4.9830e-05 1.74 1165.11 
4.6931e-05 4.9831e-05 1.73 1166.83 
4.6759e-05 5.1346e-05 1.77 1168.61 
4.6980e-05 5.1439e-05 1.74 1170.34 
4.6938e-05 5.1623e-05 1.74 1172.08 
4.6952e-05 5.1793e-05 1.73 1173.82 
4.6901e-05 5.1756e-05 1.74 1175.56 
4.6570e-05 5.0327e-05 1.76 1177.32 
4.6458e-05 5.0246e-05 1.74 1179.06 
4.6436e-05 5.0224e-05 1.73 1180.79 
4.6436e-05 5.0176e-05 1.74 1182.53 
4.6414e-05 5.0094e-05 1.74 1184.27 
4.6512e-05 5.0695e-05 1.77 1186.03 
4.6597e-05 5.0851e-05 1.75 1187.78 
4.6541e-05 5.0631e-05 1.73 1189.51 
4.6476e-05 5.0691e-05 1.73 1191.24 
4.6506e-05 5.0688e-05 1.74 1192.98 
4.7074e-05 4.8241e-05 1.77 1194.75 
4.6667e-05 4.8219e-05 1.74 1196.50 
4.6631e-05 4.8412e-05 1.73 1198.23 
4.6616e-05 4.8340e-05 1.74 1199.96 
4.6574e-05 4.8372e-05 1.73 1201.69 
4.6526e-05 6.0054e-05 1.76 1203.46 
4.6613e-05 6.0188e-05 1.73 1205.19 
4.6576e-05 6.0638e-05 1.73 1206.92 
4.6554e-05 6.0545e-05 1.74 1208.66 
4.6502e-05 6.0858e-05 1.73 1210.39 
4.6586e-05 4.9711e-05 1.77 1212.16 
4.6326e-05 4.9754e-05 1.73 1213.89 
4.6268e-05 4.9655e-05 1.73 1215.63 
4.6283e-05 4.9677e-05 1.74 1217.37 
4.6244e-05 4.9705e-05 1.74 1219.10 
4.6948e-05 5.3376e-05 1.79 1220.89 
4.6790e-05 5.3537e-05 1.79 1222.68 
4.6718e-05 5.3866e-05 1.74 1224.42 
4.6679e-05 5.3749e-05 1.73 1226.15 
4.6622e-05 5.3080e-05 1.75 1227.90 
4.7205e-05 5.0395e-05 1.76 1229.66 
4.7056e-05 5.0048e-05 1.73 1231.39 
4.6997e-05 4.9678e-05 1.73 1233.12 
4.6988e-05 4.9296e-05 1.74 1234.86 
4.6988e-05 4.9064e-05 1.73 1236.59 
4.6064e-05 6.6741e-05 1.79 1238.37 
4.6114e-05 6.5654e-05 1.73 1240.10 
4.6158e-05 6.5510e-05 1.74 1241.84 
4.6166e-05 6.5374e-05 1.73 1243.57 
4.6128e-05 6.5201e-05 1.73 1245.30 
4.6659e-05 4.8424e-05 1.76 1247.07 
4.6309e-05 4.8152e-05 1.73 1248.80 
4.6339e-05 4.8037e-05 1.73 1250.53 
4.6302e-05 4.7954e-05 1.73 1252.26 
4.6316e-05 4.7956e-05 1.74 1254.00 
4.6051e-05 4.7988e-05 1.76 1255.76 
4.6085e-05 4.7858e-05 1.72 1257.49 
4.6102e-05 4.7903e-05 1.70 1259.19 
4.6153e-05 4.7859e-05 1.71 1260.90 
4.6098e-05 4.8013e-05 1.71 1262.62 
4.6380e-05 5.2429e-05 1.74 1264.36 
4.5957e-05 5.3436e-05 1.71 1266.07 
4.5915e-05 5.3263e-05 1.72 1267.79 
4.5915e-05 5.3312e-05 1.71 1269.50 
4.5997e-05 5.2965e-05 1.71 1271.22 
4.6001e-05 5.2619e-05 1.76 1272.97 
4.5977e-05 5.2747e-05 1.73 1274.70 
4.5967e-05 5.3120e-05 1.71 1276.41 
4.6010e-05 5.3350e-05 1.72 1278.13 
4.5916e-05 5.3501e-05 1.71 1279.85 
4.6442e-05 5.0682e-05 1.75 1281.60 
4.6264e-05 5.0433e-05 1.72 1283.32 
4.6213e-05 5.0387e-05 1.72 1285.04 
4.6187e-05 5.0360e-05 1.71 1286.75 
4.6108e-05 5.0340e-05 1.71 1288.46 
4.6047e-05 4.8649e-05 1.74 1290.20 
4.5855e-05 4.8795e-05 1.72 1291.93 
4.5858e-05 4.8676e-05 1.73 1293.66 
4.5843e-05 4.8758e-05 1.74 1295.39 
4.5863e-05 4.8777e-05 1.72 1297.12 
4.6456e-05 5.0748e-05 1.75 1298.87 
4.6346e-05 5.0546e-05 1.73 1300.60 
4.6333e-05 5.0514e-05 1.73 1302.33 
4.6399e-05 5.0467e-05 1.72 1304.05 
4.6410e-05 5.0468e-05 1.73 1305.78 
4.5703e-05 6.2114e-05 1.74 1307.53 
4.6064e-05 6.0879e-05 1.72 1309.24 
4.5729e-05 6.0208e-05 1.71 1310.96 
4.5938e-05 6.0056e-05 1.71 1312.66 
4.5635e-05 6.0998e-05 1.73 1314.39 
4.5805e-05 4.9275e-05 1.74 1316.13 
4.5607e-05 4.9664e-05 1.72 1317.85 
4.5548e-05 4.9515e-05 1.72 1319.57 
4.5549e-05 4.9387e-05 1.70 1321.28 
4.5527e-05 4.9465e-05 1.72 1322.99 
4.5223e-05 4.9506e-05 1.75 1324.74 
4.5440e-05 4.9472e-05 1.73 1326.47 
4.5383e-05 4.9513e-05 1.73 1328.20 
4.5409e-05 4.9582e-05 1.72 1329.92 
4.5359e-05 4.9617e-05 1.73 1331.65 
4.5665e-05 4.7916e-05 1.77 1333.42 
4.5385e-05 4.7579e-05 1.74 1335.15 
4.5366e-05 4.7455e-05 1.73 1336.88 
4.5337e-05 4.7540e-05 1.72 1338.61 
4.5339e-05 4.7836e-05 1.74 1340.34 
4.6031e-05 4.9246e-05 1.76 1342.10 
4.5712e-05 4.9568e-05 1.72 1343.82 
4.5672e-05 4.9934e-05 1.73 1345.55 
4.5844e-05 4.9533e-05 1.73 1347.29 
4.5576e-05 4.9736e-05 1.73 1349.02 
4.6164e-05 5.3733e-05 1.77 1350.79 
4.5978e-05 5.5044e-05 1.74 1352.52 
4.6003e-05 5.3897e-05 1.73 1354.25 
4.5862e-05 5.4496e-05 1.73 1355.98 
4.5862e-05 5.3644e-05 1.73 1357.72 
4.5479e-05 4.8675e-05 1.77 1359.49 
4.5497e-05 4.9398e-05 1.74 1361.22 
4.5468e-05 4.9863e-05 1.72 1362.95 
4.5431e-05 5.0110e-05 1.72 1364.67 
4.5412e-05 4.9736e-05 1.75 1366.42 
4.5072e-05 5.3474e-05 1.76 1368.18 
4.4866e-05 5.3104e-05 1.73 1369.91 
4.4834e-05 5.2996e-05 1.72 1371.63 
4.4821e-05 5.3075e-05 1.73 1373.37 
4.4852e-05 5.2715e-05 1.72 1375.09 
4.6671e-05 5.8699e-05 1.76 1376.85 
4.6099e-05 5.8069e-05 1.73 1378.58 
4.6047e-05 5.7604e-05 1.74 1380.32 
4.5980e-05 5.7832e-05 1.73 1382.05 
4.5949e-05 5.7693e-05 1.73 1383.77 
4.5539e-05 4.7883e-05 1.76 1385.53 
4.5203e-05 4.7973e-05 1.74 1387.27 
4.5166e-05 4.8420e-05 1.73 1389.00 
4.5154e-05 4.8380e-05 1.73 1390.72 
4.5131e-05 4.8319e-05 1.74 1392.46 
4.4803e-05 4.6446e-05 1.78 1394.24 
4.4839e-05 4.6432e-05 1.73 1395.97 
4.4781e-05 4.6363e-05 1.73 1397.70 
4.4795e-05 4.6322e-05 1.73 1399.43 
4.4799e-05 4.6282e-05 1.74 1401.17 
4.5397e-05 4.8218e-05 1.76 1402.93 
4.5482e-05 4.6873e-05 1.73 1404.66 
4.5371e-05 4.6746e-05 1.74 1406.40 
4.5235e-05 4.6786e-05 1.73 1408.13 
4.5227e-05 4.6780e-05 1.73 1409.86 
4.4951e-05 4.8315e-05 1.76 1411.62 
4.4925e-05 4.8309e-05 1.73 1413.35 
4.4908e-05 4.8214e-05 1.73 1415.08 
4.4921e-05 4.8211e-05 1.74 1416.82 
4.4888e-05 4.8183e-05 1.74 1418.56 
4.4957e-05 4.6853e-05 1.77 1420.32 
4.4936e-05 4.6871e-05 1.73 1422.06 
4.4930e-05 4.6967e-05 1.73 1423.78 
4.4878e-05 4.7219e-05 1.73 1425.51 
4.4845e-05 4.7140e-05 1.73 1427.23 
4.6312e-05 4.8432e-05 1.76 1429.00 
4.6011e-05 4.9322e-05 1.73 1430.73 
4.5775e-05 4.9511e-05 1.73 1432.46 
4.5735e-05 4.9467e-05 1.73 1434.19 
4.5685e-05 4.9703e-05 1.73 1435.92 
4.4845e-05 5.4772e-05 1.77 1437.69 
4.5025e-05 5.5678e-05 1.72 1439.41 
4.5059e-05 5.6871e-05 1.73 1441.14 
4.5015e-05 5.6194e-05 1.73 1442.87 
4.5052e-05 5.7627e-05 1.74 1444.61 
4.5477e-05 4.7598e-05 1.77 1446.38 
4.5061e-05 4.7697e-05 1.73 1448.11 
4.4950e-05 4.7681e-05 1.73 1449.84 
4.4892e-05 4.7838e-05 1.73 1451.56 
4.4867e-05 4.7834e-05 1.74 1453.30 
4.5606e-05 4.8541e-05 1.76 1455.06 
4.5302e-05 4.8336e-05 1.72 1456.77 
4.5237e-05 4.8570e-05 1.72 1458.50 
4.5163e-05 4.8781e-05 1.73 1460.22 
4.5214e-05 4.8711e-05 1.73 1461.95 
4.4956e-05 5.4041e-05 1.76 1463.72 
4.4952e-05 5.5521e-05 1.73 1465.44 
4.4995e-05 5.5595e-05 1.72 1467.17 
4.5020e-05 5.6509e-05 1.74 1468.91 
4.4957e-05 5.5086e-05 1.73 1470.63 
4.4022e-05 5.1010e-05 1.77 1472.40 
4.4148e-05 5.1900e-05 1.73 1474.13 
4.4203e-05 5.1712e-05 1.73 1475.86 
4.4127e-05 5.2613e-05 1.73 1477.59 
4.4119e-05 5.2900e-05 1.74 1479.33 
4.4969e-05 4.7685e-05 1.76 1481.09 
4.4648e-05 4.7820e-05 1.74 1482.83 
4.4571e-05 4.7754e-05 1.74 1484.56 
4.4565e-05 4.7950e-05 1.72 1486.29 
4.4536e-05 4.8058e-05 1.74 1488.03 
4.5182e-05 4.9182e-05 1.76 1489.79 
4.0475e-05 4.6223e-05 1.73 1491.51 
4.0547e-05 4.6825e-05 1.74 1493.25 
4.0601e-05 4.6922e-05 1.73 1494.98 
4.0615e-05 4.6916e-05 1.73 1496.72 
4.0764e-05 4.6490e-05 1.78 1498.50 
4.0674e-05 4.6575e-05 1.76 1500.25 
4.0661e-05 4.6707e-05 1.73 1501.98 
4.0651e-05 4.6766e-05 1.74 1503.71 
4.0642e-05 4.6786e-05 1.73 1505.45 
4.0585e-05 4.5134e-05 1.77 1507.22 
4.0620e-05 4.5170e-05 1.73 1508.95 
4.0615e-05 4.5192e-05 1.73 1510.68 
4.0611e-05 4.5199e-05 1.75 1512.43 
4.0603e-05 4.5231e-05 1.74 1514.17 
4.0691e-05 4.4852e-05 1.77 1515.94 
4.0640e-05 4.4840e-05 1.73 1517.67 
4.0621e-05 4.4839e-05 1.73 1519.40 
4.0615e-05 4.4848e-05 1.74 1521.15 
4.0606e-05 4.4841e-05 1.74 1522.88 
4.0648e-05 4.5129e-05 1.76 1524.64 
4.0655e-05 4.5140e-05 1.72 1526.36 
4.0649e-05 4.5148e-05 1.73 1528.09 
4.0650e-05 4.5161e-05 1.73 1529.82 
4.0649e-05 4.5152e-05 1.73 1531.55 
4.0482e-05 4.6607e-05 1.77 1533.32 
4.0517e-05 4.6626e-05 1.73 1535.04 
4.0509e-05 4.6716e-05 1.73 1536.77 
4.0504e-05 4.6744e-05 1.73 1538.51 
4.0497e-05 4.6767e-05 1.73 1540.24 
4.0721e-05 4.6165e-05 1.76 1542.00 
4.0599e-05 4.6196e-05 1.73 1543.73 
4.0588e-05 4.6193e-05 1.73 1545.47 
4.0580e-05 4.6186e-05 1.74 1547.20 
4.0576e-05 4.6185e-05 1.73 1548.93 
4.0533e-05 4.5189e-05 1.76 1550.69 
4.0552e-05 4.5166e-05 1.74 1552.43 
4.0551e-05 4.5167e-05 1.72 1554.15 
4.0545e-05 4.5137e-05 1.73 1555.88 
4.0541e-05 4.5129e-05 1.73 1557.61 
4.0326e-05 4.6587e-05 1.77 1559.38 
4.0342e-05 4.6664e-05 1.71 1561.09 
4.0341e-05 4.6679e-05 1.72 1562.81 
4.0338e-05 4.6689e-05 1.71 1564.52 
4.0334e-05 4.6673e-05 1.72 1566.24 
4.0541e-05 4.4624e-05 1.74 1567.98 
4.0489e-05 4.4620e-05 1.73 1569.71 
4.0486e-05 4.4612e-05 1.73 1571.43 
4.0484e-05 4.4609e-05 1.72 1573.16 
4.0478e-05 4.4612e-05 1.73 1574.89 
4.0514e-05 4.4823e-05 1.75 1576.64 
4.0485e-05 4.4818e-05 1.73 1578.37 
4.0473e-05 4.4835e-05 1.71 1580.09 
4.0466e-05 4.4842e-05 1.73 1581.82 
4.0460e-05 4.4851e-05 1.72 1583.54 
4.0374e-05 4.4645e-05 1.76 1585.29 
4.0371e-05 4.4639e-05 1.72 1587.02 
4.0367e-05 4.4640e-05 1.73 1588.75 
4.0363e-05 4.4643e-05 1.72 1590.48 
4.0359e-05 4.4643e-05 1.72 1592.20 
4.0827e-05 4.4810e-05 1.76 1593.96 
4.0800e-05 4.4765e-05 1.72 1595.68 
4.0774e-05 4.4751e-05 1.73 1597.40 
4.0769e-05 4.4762e-05 1.73 1599.14 
4.0760e-05 4.4744e-05 1.72 1600.86 
4.0289e-05 4.5369e-05 1.76 1602.62 
4.0282e-05 4.5387e-05 1.72 1604.34 
4.0291e-05 4.5389e-05 1.73 1606.07 
4.0290e-05 4.5400e-05 1.71 1607.77 
4.0289e-05 4.5416e-05 1.72 1609.49 
4.0394e-05 4.5749e-05 1.75 1611.24 
4.0360e-05 4.5766e-05 1.73 1612.97 
4.0348e-05 4.5736e-05 1.72 1614.69 
4.0342e-05 4.5761e-05 1.72 1616.41 
4.0343e-05 4.5744e-05 1.72 1618.13 
4.0242e-05 4.4729e-05 1.78 1619.90 
4.0238e-05 4.4777e-05 1.71 1621.62 
4.0231e-05 4.4814e-05 1.72 1623.34 
4.0228e-05 4.4829e-05 1.72 1625.05 
4.0223e-05 4.4853e-05 1.71 1626.77 
4.0269e-05 4.5732e-05 1.74 1628.51 
4.0260e-05 4.5779e-05 1.71 1630.22 
4.0255e-05 4.5797e-05 1.72 1631.94 
4.0255e-05 4.5787e-05 1.73 1633.67 
4.0247e-05 4.5767e-05 1.71 1635.37 
4.0359e-05 4.4848e-05 1.76 1637.13 
4.0382e-05 4.4780e-05 1.72 1638.85 
4.0366e-05 4.4743e-05 1.73 1640.58 
4.0356e-05 4.4718e-05 1.71 1642.29 
4.0348e-05 4.4713e-05 1.73 1644.03 
4.0158e-05 4.5949e-05 1.76 1645.78 
4.0237e-05 4.5953e-05 1.72 1647.51 
4.0227e-05 4.5918e-05 1.73 1649.24 
4.0224e-05 4.5899e-05 1.72 1650.96 
4.0217e-05 4.5882e-05 1.73 1652.69 
4.0232e-05 4.5067e-05 1.77 1654.46 
4.0257e-05 4.5035e-05 1.73 1656.18 
3.9185e-05 4.4050e-05 1.73 1657.91 
3.9157e-05 4.4038e-05 1.73 1659.64 
3.9163e-05 4.4033e-05 1.73 1661.37 
3.9135e-05 4.4187e-05 1.76 1663.13 
3.9138e-05 4.4186e-05 1.73 1664.87 
3.9136e-05 4.4187e-05 1.73 1666.60 
3.9134e-05 4.4187e-05 1.72 1668.32 
3.9133e-05 4.4187e-05 1.73 1670.05 
3.9175e-05 4.3958e-05 1.74 1671.79 
3.9167e-05 4.3958e-05 1.74 1673.53 
3.9164e-05 4.3956e-05 1.73 1675.26 
3.9163e-05 4.3957e-05 1.73 1676.99 
3.9161e-05 4.3955e-05 1.73 1678.72 
3.9146e-05 4.4076e-05 1.76 1680.48 
3.9143e-05 4.4076e-05 1.74 1682.22 
3.9141e-05 4.4074e-05 1.75 1683.96 
3.9140e-05 4.4073e-05 1.72 1685.68 
3.9138e-05 4.4071e-05 1.74 1687.42 
3.9107e-05 4.4125e-05 1.77 1689.19 
3.9113e-05 4.4123e-05 1.73 1690.92 
3.9113e-05 4.4123e-05 1.73 1692.65 
3.9112e-05 4.4124e-05 1.74 1694.39 
3.9110e-05 4.4127e-05 1.73 1696.13 
3.9172e-05 4.3854e-05 1.76 1697.88 
3.9163e-05 4.3865e-05 1.73 1699.61 
3.9159e-05 4.3867e-05 1.74 1701.35 
3.9157e-05 4.3867e-05 1.73 1703.07 
3.9156e-05 4.3866e-05 1.72 1704.79 
3.9123e-05 4.4108e-05 1.76 1706.55 
3.9120e-05 4.4107e-05 1.73 1708.29 
3.9119e-05 4.4106e-05 1.73 1710.02 
3.9117e-05 4.4108e-05 1.74 1711.76 
3.9116e-05 4.4109e-05 1.74 1713.49 
3.9137e-05 4.3882e-05 1.76 1715.25 
3.9133e-05 4.3882e-05 1.74 1716.99 
3.9132e-05 4.3885e-05 1.75 1718.74 
3.9130e-05 4.3881e-05 1.73 1720.47 
3.9129e-05 4.3882e-05 1.73 1722.19 
3.9150e-05 4.3873e-05 1.77 1723.96 
3.9143e-05 4.3876e-05 1.74 1725.70 
3.9140e-05 4.3873e-05 1.72 1727.42 
3.9138e-05 4.3874e-05 1.74 1729.16 
3.9136e-05 4.3872e-05 1.73 1730.88 
3.9148e-05 4.3890e-05 1.77 1732.65 
3.9141e-05 4.3887e-05 1.73 1734.38 
3.9140e-05 4.3885e-05 1.73 1736.11 
3.9138e-05 4.3886e-05 1.73 1737.84 
3.9137e-05 4.3884e-05 1.73 1739.57 
3.9109e-05 4.3900e-05 1.76 1741.33 
3.9112e-05 4.3897e-05 1.73 1743.06 
3.9111e-05 4.3898e-05 1.72 1744.78 
3.9109e-05 4.3896e-05 1.74 1746.52 
3.9108e-05 4.3895e-05 1.73 1748.25 
3.9137e-05 4.3881e-05 1.76 1750.01 
3.9133e-05 4.3881e-05 1.74 1751.75 
3.9132e-05 4.3883e-05 1.73 1753.48 
3.9131e-05 4.3879e-05 1.72 1755.20 
3.9129e-05 4.3880e-05 1.73 1756.94 
3.9061e-05 4.4015e-05 1.76 1758.70 
3.9069e-05 4.4023e-05 1.74 1760.43 
3.9066e-05 4.4028e-05 1.73 1762.17 
3.9065e-05 4.4032e-05 1.74 1763.90 
3.9063e-05 4.4034e-05 1.72 1765.62 
3.9037e-05 4.3851e-05 1.77 1767.40 
3.9040e-05 4.3851e-05 1.72 1769.12 
3.9040e-05 4.3850e-05 1.73 1770.86 
3.9039e-05 4.3849e-05 1.72 1772.58 
3.9038e-05 4.3848e-05 1.72 1774.31 
3.9055e-05 4.3903e-05 1.76 1776.07 
3.9055e-05 4.3903e-05 1.72 1777.79 
3.9054e-05 4.3904e-05 1.74 1779.53 
3.9052e-05 4.3906e-05 1.73 1781.26 
3.9051e-05 4.3907e-05 1.73 1782.99 
3.9118e-05 4.3862e-05 1.75 1784.74 
3.9107e-05 4.3858e-05 1.72 1786.46 
