3.5129e-02 3.5454e-02 6.31 6.31 
2.8214e-02 1.1940e-02 6.04 12.36 
7.7962e-03 4.5148e-03 6.04 18.40 
3.4498e-03 3.0516e-03 6.03 24.43 
2.6315e-03 2.7989e-03 6.04 30.47 
2.0767e-03 2.9020e-03 6.07 36.54 
1.6838e-03 1.9026e-03 6.03 42.57 
1.3803e-03 1.6009e-03 6.03 48.61 
1.3682e-03 1.3514e-03 6.04 54.64 
1.2895e-03 2.1355e-03 6.04 60.68 
1.1829e-03 1.2561e-03 6.07 66.75 
1.2903e-03 1.5169e-03 6.03 72.78 
1.2078e-03 9.7097e-04 6.04 78.82 
1.2071e-03 1.0416e-03 6.03 84.85 
1.0107e-03 7.2451e-04 6.03 90.88 
1.0853e-03 1.3536e-03 6.07 96.95 
1.1212e-03 1.2914e-03 6.03 102.98 
1.0521e-03 1.3798e-03 6.03 109.01 
1.0607e-03 2.0568e-03 6.04 115.05 
1.0101e-03 1.4026e-03 6.04 121.09 
9.9624e-04 1.2346e-03 6.07 127.16 
9.7265e-04 9.2838e-04 6.03 133.19 
8.6619e-04 1.7082e-03 6.03 139.23 
9.6199e-04 1.4924e-03 6.04 145.26 
9.5307e-04 5.8730e-04 6.04 151.30 
9.8536e-04 2.0128e-03 6.07 157.36 
8.7004e-04 8.9874e-04 6.04 163.40 
8.8978e-04 1.8655e-03 6.03 169.43 
8.1384e-04 1.7159e-03 6.03 175.47 
8.2378e-04 1.4657e-03 6.04 181.51 
8.8907e-04 6.6484e-04 6.06 187.57 
8.4622e-04 5.0120e-04 6.04 193.61 
8.6079e-04 8.9347e-04 6.03 199.64 
8.3012e-04 7.8474e-04 6.03 205.67 
8.2353e-04 8.1278e-04 6.04 211.71 
8.4306e-04 8.7645e-04 6.06 217.77 
7.5817e-04 1.1746e-03 6.04 223.81 
7.7500e-04 1.0455e-03 6.04 229.85 
7.6217e-04 6.6220e-04 6.04 235.88 
7.4297e-04 7.2947e-04 6.04 241.92 
7.1496e-04 6.2215e-04 6.06 247.98 
7.9560e-04 8.3933e-04 6.03 254.02 
7.5126e-04 8.6385e-04 6.04 260.06 
6.6332e-04 7.3052e-04 6.04 266.09 
6.9281e-04 8.5550e-04 6.04 272.13 
6.6479e-04 6.4917e-04 6.07 278.20 
6.6836e-04 1.2149e-03 6.04 284.23 
6.4601e-04 6.9466e-04 6.04 290.27 
6.1962e-04 6.5247e-04 6.04 296.31 
6.4055e-04 5.8991e-04 6.03 302.34 
7.0295e-04 1.0671e-03 6.06 308.41 
7.1054e-04 7.0695e-04 6.03 314.44 
6.7085e-04 8.9440e-04 6.03 320.47 
6.7161e-04 8.1895e-04 6.03 326.51 
6.4629e-04 8.2296e-04 6.03 332.54 
6.9504e-04 9.2758e-04 6.07 338.61 
6.3556e-04 5.4679e-04 6.03 344.64 
6.9160e-04 5.5041e-04 6.04 350.68 
6.3498e-04 6.6965e-04 6.04 356.72 
7.0192e-04 3.5349e-04 6.03 362.75 
5.9267e-04 8.6451e-04 6.07 368.82 
6.5767e-04 4.6155e-04 6.04 374.86 
6.1865e-04 7.5576e-04 6.03 380.90 
6.2237e-04 5.2436e-04 6.04 386.93 
6.0009e-04 5.3862e-04 6.04 392.97 
6.0094e-04 8.3374e-04 6.06 399.03 
6.1055e-04 4.1484e-04 6.03 405.07 
6.0607e-04 5.3790e-04 6.04 411.10 
6.2361e-04 5.9271e-04 6.04 417.14 
5.8826e-04 5.3922e-04 6.03 423.18 
6.1328e-04 6.6928e-04 6.07 429.24 
6.0173e-04 2.5749e-04 6.04 435.28 
6.2659e-04 3.4940e-04 6.03 441.31 
5.6163e-04 4.6990e-04 6.04 447.35 
6.4001e-04 7.1069e-04 6.03 453.38 
6.7279e-04 9.6190e-04 6.07 459.44 
5.8646e-04 4.7600e-04 6.04 465.48 
5.7123e-04 5.9363e-04 6.04 471.52 
5.4671e-04 8.7802e-04 6.04 477.56 
5.5778e-04 5.4428e-04 6.04 483.60 
5.6753e-04 7.1703e-04 6.07 489.67 
6.0313e-04 6.7601e-04 6.04 495.71 
5.9441e-04 5.0081e-04 6.04 501.75 
5.9619e-04 4.5167e-04 6.03 507.78 
5.6126e-04 6.8241e-04 6.03 513.82 
5.5118e-04 3.8434e-04 6.07 519.88 
5.2439e-04 3.6755e-04 6.04 525.92 
5.4150e-04 5.0197e-04 6.04 531.96 
5.2408e-04 4.3627e-04 6.03 537.99 
5.4500e-04 6.9661e-04 6.04 544.03 
5.2492e-04 7.0349e-04 6.07 550.10 
5.4888e-04 8.2093e-04 6.03 556.13 
5.6985e-04 4.5198e-04 6.04 562.16 
5.3831e-04 5.4662e-04 6.04 568.20 
5.5387e-04 3.0147e-04 6.03 574.23 
5.3813e-04 5.7543e-04 6.07 580.30 
5.1410e-04 3.3007e-04 6.03 586.34 
4.9948e-04 6.6451e-04 6.04 592.37 
5.1070e-04 5.0520e-04 6.04 598.41 
5.1225e-04 6.2301e-04 6.04 604.45 
5.2620e-04 3.2129e-04 6.06 610.50 
5.7142e-04 6.5618e-04 6.04 616.54 
5.4384e-04 3.9890e-04 6.03 622.58 
5.4809e-04 6.3965e-04 6.03 628.61 
5.3163e-04 3.0094e-04 6.03 634.64 
4.8323e-04 7.2895e-04 6.07 640.71 
4.9049e-04 6.5206e-04 6.04 646.75 
5.1227e-04 6.3212e-04 6.03 652.78 
4.7521e-04 4.3778e-04 6.04 658.82 
4.8529e-04 7.4265e-04 6.03 664.85 
5.1850e-04 3.0659e-04 6.07 670.92 
4.8903e-04 5.2373e-04 6.03 676.96 
5.0121e-04 6.3956e-04 6.03 682.99 
4.7262e-04 5.0350e-04 6.03 689.02 
4.7602e-04 7.4404e-04 6.03 695.06 
5.2025e-04 3.8981e-04 6.07 701.12 
5.1227e-04 3.1304e-04 6.04 707.16 
4.8078e-04 5.3096e-04 6.04 713.20 
4.7613e-04 4.9220e-04 6.03 719.23 
5.0460e-04 6.8544e-04 6.04 725.27 
5.1449e-04 6.5604e-04 6.07 731.34 
5.0495e-04 4.4880e-04 6.03 737.37 
4.5919e-04 4.0034e-04 6.03 743.40 
1.5900e-04 1.9132e-04 6.04 749.44 
1.5757e-04 2.0667e-04 6.03 755.48 
1.6199e-04 1.1781e-04 6.07 761.55 
1.4920e-04 1.6760e-04 6.03 767.58 
1.6663e-04 1.6875e-04 6.04 773.62 
1.6799e-04 1.3114e-04 6.03 779.65 
1.5790e-04 2.2384e-04 6.03 785.68 
1.5157e-04 1.3041e-04 6.08 791.76 
1.7019e-04 2.0977e-04 6.03 797.79 
1.6037e-04 1.3187e-04 6.03 803.83 
1.5234e-04 1.6479e-04 6.04 809.86 
1.5612e-04 1.5692e-04 6.27 816.13 
1.6230e-04 1.0256e-04 6.10 822.23 
1.6761e-04 1.5220e-04 6.12 828.35 
1.5477e-04 1.2176e-04 6.07 834.42 
1.5150e-04 1.5469e-04 6.04 840.46 
1.5818e-04 2.2628e-04 6.10 846.56 
1.5474e-04 1.1801e-04 6.31 852.87 
1.6059e-04 1.6780e-04 6.12 858.99 
1.5095e-04 1.0398e-04 6.34 865.33 
1.4233e-04 9.5342e-05 6.24 871.57 
1.4259e-04 1.3155e-04 6.07 877.64 
1.5340e-04 1.4364e-04 6.18 883.82 
1.6310e-04 1.6828e-04 20.99 904.81 
1.6329e-04 1.4026e-04 101.24 1006.06 
1.5704e-04 1.9198e-04 45.34 1051.40 
1.5337e-04 2.7052e-04 37.38 1088.78 
1.4803e-04 1.4963e-04 41.02 1129.80 
1.5918e-04 1.1903e-04 40.77 1170.57 
1.4108e-04 1.4550e-04 40.75 1211.32 
1.3694e-04 1.0092e-04 40.75 1252.07 
1.5723e-04 2.0500e-04 37.09 1289.16 
1.5079e-04 1.2159e-04 36.51 1325.68 
1.5477e-04 2.4469e-04 36.64 1362.31 
1.5103e-04 1.4513e-04 37.65 1399.97 
1.4392e-04 1.0951e-04 37.68 1437.64 
1.5700e-04 2.0471e-04 37.10 1474.75 
1.4942e-04 1.2376e-04 38.22 1512.97 
1.5586e-04 1.5032e-04 37.21 1550.19 
1.4156e-04 1.6194e-04 37.46 1587.64 
1.5834e-04 1.4101e-04 37.78 1625.43 
1.5160e-04 1.5313e-04 38.68 1664.10 
1.5166e-04 1.2451e-04 25.76 1689.86 
1.4905e-04 1.3304e-04 35.78 1725.65 
1.5282e-04 1.6670e-04 36.89 1762.54 
1.4607e-04 1.5099e-04 37.13 1799.68 
1.4956e-04 1.5369e-04 31.39 1831.07 
1.5607e-04 1.2077e-04 32.58 1863.64 
1.4803e-04 1.1403e-04 35.63 1899.27 
1.4582e-04 1.7080e-04 35.64 1934.91 
1.5367e-04 1.0623e-04 36.41 1971.32 
1.4658e-04 1.2268e-04 37.20 2008.52 
1.4990e-04 1.1148e-04 36.00 2044.53 
1.5781e-04 1.2316e-04 35.82 2080.35 
1.4880e-04 1.2359e-04 35.98 2116.33 
1.5819e-04 1.5437e-04 35.94 2152.27 
1.5280e-04 1.3774e-04 29.60 2181.87 
1.4550e-04 1.0729e-04 37.02 2218.89 
1.4316e-04 1.7949e-04 38.07 2256.97 
1.3792e-04 2.8512e-04 30.48 2287.45 
1.5171e-04 9.7453e-05 37.28 2324.73 
1.4395e-04 1.0870e-04 31.23 2355.97 
1.5380e-04 1.4036e-04 35.85 2391.82 
1.5347e-04 1.1232e-04 36.59 2428.41 
1.4996e-04 9.7296e-05 37.48 2465.89 
1.5305e-04 1.0517e-04 32.08 2497.97 
1.4615e-04 1.4237e-04 9.06 2507.03 
1.5362e-04 1.4641e-04 5.80 2512.83 
1.5407e-04 1.1977e-04 5.66 2518.49 
1.4231e-04 1.5883e-04 5.65 2524.14 
1.4394e-04 1.7827e-04 5.69 2529.83 
1.4530e-04 1.2727e-04 5.88 2535.70 
5.4235e-05 4.9026e-05 25.64 2561.34 
5.7442e-05 5.5725e-05 35.37 2596.71 
5.7372e-05 5.6313e-05 30.35 2627.06 
5.8450e-05 5.4360e-05 9.64 2636.71 
5.7337e-05 4.9925e-05 29.00 2665.71 
5.3026e-05 7.4273e-05 34.99 2700.69 
5.4477e-05 6.6956e-05 33.04 2733.73 
5.5256e-05 7.0584e-05 29.24 2762.97 
5.2947e-05 7.6688e-05 31.90 2794.87 
5.1936e-05 7.6945e-05 31.68 2826.55 
5.8599e-05 7.0696e-05 31.06 2857.61 
5.7161e-05 6.1942e-05 32.03 2889.64 
5.6012e-05 6.4933e-05 31.50 2921.15 
5.7743e-05 5.9593e-05 32.59 2953.74 
5.4437e-05 4.1547e-05 32.37 2986.10 
5.5375e-05 1.0154e-04 32.66 3018.77 
5.2905e-05 8.0379e-05 32.93 3051.71 
5.3132e-05 1.1548e-04 31.78 3083.48 
5.3095e-05 1.0746e-04 32.15 3115.63 
5.5862e-05 4.2039e-05 33.04 3148.68 
5.2055e-05 4.0472e-05 31.46 3180.13 
5.1086e-05 7.1689e-05 31.29 3211.43 
5.2776e-05 6.5964e-05 31.31 3242.74 
5.6311e-05 8.8076e-05 31.41 3274.15 
5.3538e-05 4.8939e-05 32.04 3306.19 
5.5863e-05 5.9044e-05 32.22 3338.41 
5.2680e-05 8.8467e-05 32.95 3371.36 
5.3030e-05 6.6924e-05 32.15 3403.51 
4.8755e-05 5.2272e-05 32.35 3435.86 
5.3189e-05 1.0516e-04 32.36 3468.22 
5.6941e-05 6.1399e-05 27.68 3495.90 
5.4954e-05 7.0770e-05 32.28 3528.18 
4.9454e-05 6.3178e-05 32.67 3560.85 
5.3577e-05 4.7628e-05 32.06 3592.92 
5.5565e-05 4.1213e-05 31.70 3624.62 
5.0215e-05 6.2260e-05 31.43 3656.05 
5.3166e-05 3.7905e-05 32.75 3688.80 
5.0515e-05 8.8392e-05 33.29 3722.10 
5.2897e-05 8.0277e-05 32.73 3754.83 
5.3338e-05 9.1064e-05 32.57 3787.40 
5.0009e-05 4.4819e-05 32.51 3819.91 
4.6817e-05 5.7649e-05 29.22 3849.13 
4.9577e-05 4.8091e-05 31.82 3880.95 
5.3067e-05 4.3368e-05 29.47 3910.43 
5.4270e-05 5.7343e-05 31.82 3942.25 
5.6262e-05 3.9615e-05 32.22 3974.47 
5.5949e-05 3.8366e-05 31.55 4006.02 
5.2576e-05 4.0367e-05 32.47 4038.49 
5.3409e-05 4.7862e-05 32.22 4070.72 
5.3994e-05 4.3083e-05 30.51 4101.23 
4.9203e-05 4.9076e-05 31.71 4132.94 
4.9613e-05 5.6496e-05 31.55 4164.49 
5.1985e-05 4.9580e-05 26.15 4190.63 
4.9618e-05 4.5074e-05 30.67 4221.30 
4.9174e-05 3.7731e-05 31.59 4252.90 
4.8807e-05 6.8629e-05 33.27 4286.17 
4.8176e-05 5.0912e-05 32.41 4318.58 
5.1534e-05 4.5997e-05 32.24 4350.82 
4.9823e-05 6.3295e-05 31.25 4382.07 
5.0549e-05 3.9559e-05 32.58 4414.64 
4.7916e-05 4.7134e-05 32.12 4446.76 
5.1462e-05 5.4373e-05 33.23 4480.00 
5.3330e-05 6.1893e-05 31.38 4511.38 
5.0825e-05 4.9102e-05 32.40 4543.78 
5.3514e-05 5.7752e-05 31.36 4575.14 
5.1357e-05 6.3956e-05 31.69 4606.83 
5.0264e-05 5.8494e-05 29.55 4636.38 
5.0295e-05 3.5849e-05 30.64 4667.02 
5.1234e-05 5.9544e-05 27.87 4694.90 
4.9468e-05 5.7959e-05 32.89 4727.79 
4.7811e-05 4.2469e-05 30.01 4757.80 
5.1714e-05 3.3750e-05 32.75 4790.55 
4.7507e-05 3.6476e-05 30.54 4821.09 
5.0195e-05 5.5534e-05 33.09 4854.18 
5.0532e-05 6.0495e-05 33.40 4887.58 
5.0113e-05 3.7451e-05 33.58 4921.17 
5.1620e-05 4.3521e-05 34.47 4955.64 
5.0444e-05 8.3480e-05 24.26 4979.90 
4.8139e-05 8.0760e-05 12.04 4991.95 
5.1800e-05 5.4822e-05 12.19 5004.13 
4.8391e-05 5.0156e-05 13.39 5017.53 
4.6217e-05 5.5851e-05 13.98 5031.51 
4.8963e-05 4.0274e-05 14.06 5045.57 
4.8304e-05 3.3769e-05 13.97 5059.54 
4.6713e-05 3.5203e-05 12.55 5072.09 
5.0356e-05 4.9596e-05 11.41 5083.50 
4.8148e-05 5.4641e-05 9.55 5093.05 
5.0970e-05 4.4204e-05 9.54 5102.59 
5.0211e-05 4.7075e-05 9.41 5112.00 
5.1613e-05 5.5962e-05 9.42 5121.41 
4.7398e-05 4.2582e-05 10.25 5131.66 
5.0178e-05 4.7782e-05 12.63 5144.29 
5.2056e-05 5.6974e-05 29.51 5173.81 
4.8926e-05 5.0349e-05 12.35 5186.16 
5.0969e-05 4.4885e-05 31.17 5217.32 
4.5868e-05 4.1655e-05 34.19 5251.52 
4.7440e-05 4.1594e-05 31.77 5283.29 
4.7281e-05 5.5730e-05 27.10 5310.39 
4.5630e-05 3.6977e-05 32.61 5343.00 
4.8036e-05 5.4166e-05 32.88 5375.88 
5.0521e-05 3.9439e-05 32.21 5408.09 
4.7852e-05 4.0142e-05 31.08 5439.17 
4.8859e-05 3.5687e-05 32.16 5471.33 
4.9402e-05 4.0450e-05 30.62 5501.95 
5.0585e-05 4.3671e-05 31.20 5533.15 
4.8532e-05 6.7932e-05 33.05 5566.20 
4.5346e-05 5.3792e-05 32.48 5598.69 
4.6751e-05 5.2405e-05 31.49 5630.18 
4.9058e-05 3.9179e-05 32.87 5663.05 
4.6466e-05 6.7495e-05 32.50 5695.55 
5.1186e-05 5.9290e-05 32.14 5727.68 
4.8406e-05 5.6679e-05 31.73 5759.42 
5.2117e-05 3.9219e-05 31.97 5791.39 
4.9056e-05 5.4347e-05 31.94 5823.33 
4.9241e-05 5.2557e-05 32.35 5855.68 
5.0587e-05 4.7233e-05 31.82 5887.49 
4.9108e-05 4.3416e-05 32.44 5919.94 
5.3851e-05 8.5925e-05 32.36 5952.30 
4.8292e-05 5.1288e-05 32.56 5984.86 
5.2108e-05 6.2116e-05 32.52 6017.37 
5.0246e-05 5.8603e-05 28.18 6045.56 
4.9679e-05 4.7023e-05 31.78 6077.34 
4.6739e-05 4.2287e-05 32.19 6109.53 
2.4140e-05 2.3079e-05 32.11 6141.64 
2.4786e-05 2.4463e-05 31.11 6172.75 
2.5430e-05 2.4346e-05 32.21 6204.96 
2.4307e-05 2.5031e-05 31.60 6236.56 
2.4985e-05 2.1764e-05 31.69 6268.25 
2.4374e-05 2.2900e-05 32.62 6300.87 
2.4558e-05 2.5781e-05 33.00 6333.88 
2.5926e-05 2.6300e-05 32.04 6365.92 
2.4743e-05 2.7191e-05 30.89 6396.81 
2.4955e-05 2.5782e-05 31.47 6428.28 
2.5119e-05 3.0734e-05 31.38 6459.67 
2.5092e-05 2.5119e-05 32.29 6491.95 
2.5915e-05 2.7424e-05 32.32 6524.28 
2.5373e-05 2.1848e-05 32.75 6557.03 
2.5512e-05 2.8883e-05 33.52 6590.55 
2.5420e-05 2.2205e-05 32.99 6623.54 
2.5386e-05 2.1848e-05 30.67 6654.21 
2.4367e-05 2.3004e-05 31.08 6685.30 
2.4738e-05 2.3525e-05 31.59 6716.89 
2.4533e-05 2.3312e-05 32.10 6748.99 
2.4516e-05 2.3380e-05 31.75 6780.73 
2.4215e-05 2.3235e-05 30.15 6810.89 
2.4657e-05 2.5835e-05 32.97 6843.86 
2.4534e-05 2.5724e-05 28.73 6872.59 
2.4590e-05 2.5509e-05 30.94 6903.53 
2.4535e-05 2.5416e-05 32.35 6935.89 
2.4483e-05 2.5239e-05 32.69 6968.58 
2.4942e-05 3.2287e-05 32.06 7000.64 
2.5102e-05 3.4685e-05 33.57 7034.21 
2.4822e-05 3.6123e-05 32.57 7066.78 
2.4194e-05 2.8161e-05 32.52 7099.30 
2.4434e-05 2.6770e-05 33.21 7132.52 
2.4881e-05 2.2124e-05 34.06 7166.58 
2.4226e-05 2.2928e-05 21.72 7188.29 
2.4205e-05 2.2149e-05 18.74 7207.03 
2.4247e-05 2.1753e-05 25.07 7232.10 
2.4354e-05 2.2902e-05 26.31 7258.41 
2.3984e-05 2.6556e-05 26.19 7284.61 
2.5223e-05 2.5955e-05 25.80 7310.41 
2.5083e-05 2.6172e-05 25.56 7335.97 
2.5115e-05 2.6488e-05 26.24 7362.21 
2.5144e-05 2.6609e-05 9.28 7371.50 
2.3524e-05 2.2345e-05 15.61 7387.11 
2.3051e-05 2.2733e-05 32.34 7419.45 
2.3684e-05 2.1887e-05 35.79 7455.24 
2.3361e-05 2.3214e-05 33.92 7489.16 
2.3493e-05 2.2099e-05 30.66 7519.81 
2.4560e-05 2.1989e-05 34.23 7554.04 
2.3807e-05 2.1945e-05 33.00 7587.05 
2.3778e-05 2.2034e-05 30.94 7617.99 
2.3757e-05 2.2099e-05 31.38 7649.37 
2.3781e-05 2.2176e-05 31.23 7680.60 
2.3984e-05 2.2613e-05 31.72 7712.32 
2.3953e-05 2.1449e-05 31.20 7743.52 
2.3795e-05 2.1077e-05 32.79 7776.31 
2.3904e-05 2.0749e-05 32.18 7808.49 
2.3748e-05 2.0634e-05 31.92 7840.41 
2.3561e-05 2.2935e-05 32.21 7872.63 
2.2869e-05 2.2371e-05 32.51 7905.14 
2.3295e-05 2.2937e-05 31.98 7937.12 
2.3682e-05 2.4225e-05 32.19 7969.31 
2.4134e-05 2.2565e-05 32.14 8001.46 
2.3739e-05 2.5899e-05 32.71 8034.17 
2.3509e-05 2.4920e-05 32.37 8066.54 
2.3468e-05 2.5166e-05 32.23 8098.77 
2.3357e-05 2.5470e-05 31.73 8130.50 
2.3346e-05 2.5641e-05 33.33 8163.83 
2.3380e-05 2.3151e-05 32.12 8195.95 
2.3606e-05 2.1554e-05 23.93 8219.88 
2.3220e-05 2.1197e-05 32.31 8252.19 
2.2919e-05 2.0937e-05 31.37 8283.56 
2.3736e-05 2.1203e-05 31.48 8315.04 
2.2771e-05 2.0854e-05 31.86 8346.90 
2.2556e-05 2.3706e-05 32.08 8378.99 
2.3404e-05 2.5263e-05 32.24 8411.23 
2.3251e-05 2.6664e-05 33.10 8444.33 
2.3010e-05 2.3949e-05 32.80 8477.13 
2.3731e-05 2.1242e-05 31.66 8508.79 
2.3245e-05 2.3370e-05 31.70 8540.50 
2.3251e-05 2.4307e-05 31.28 8571.78 
2.3160e-05 2.4627e-05 32.33 8604.11 
2.3165e-05 2.3556e-05 31.43 8635.54 
2.2680e-05 2.3075e-05 32.20 8667.75 
2.3003e-05 2.2671e-05 32.52 8700.27 
2.2831e-05 2.2707e-05 32.03 8732.30 
2.2767e-05 2.3005e-05 32.92 8765.22 
2.2731e-05 2.2156e-05 32.06 8797.28 
2.3213e-05 2.2024e-05 31.61 8828.89 
2.2878e-05 2.4450e-05 31.85 8860.74 
2.2096e-05 2.2306e-05 29.90 8890.64 
2.2544e-05 2.2605e-05 31.04 8921.68 
2.2426e-05 2.2619e-05 30.95 8952.62 
2.2915e-05 2.1461e-05 31.11 8983.74 
2.2663e-05 2.0876e-05 31.69 9015.42 
2.2696e-05 2.6933e-05 32.62 9048.04 
2.2931e-05 2.1520e-05 31.76 9079.81 
2.2686e-05 2.0728e-05 32.39 9112.20 
2.2239e-05 2.0415e-05 31.66 9143.86 
2.2663e-05 2.0869e-05 32.89 9176.75 
2.2926e-05 1.9292e-05 32.92 9209.67 
2.2023e-05 2.0287e-05 31.64 9241.31 
2.2311e-05 2.0626e-05 31.63 9272.94 
2.1845e-05 2.1797e-05 31.11 9304.05 
2.2481e-05 2.2224e-05 31.99 9336.04 
2.2092e-05 2.5061e-05 32.07 9368.11 
2.2126e-05 2.4865e-05 32.57 9400.69 
2.2462e-05 2.2224e-05 33.47 9434.16 
2.2309e-05 1.9670e-05 32.36 9466.52 
2.2145e-05 2.1133e-05 32.68 9499.21 
2.2177e-05 2.0660e-05 32.65 9531.86 
2.2120e-05 1.9597e-05 32.35 9564.21 
2.2158e-05 2.0474e-05 31.96 9596.17 
2.2749e-05 2.2138e-05 32.41 9628.59 
2.2172e-05 2.1854e-05 33.98 9662.56 
2.2575e-05 2.2549e-05 31.53 9694.10 
2.2601e-05 2.2553e-05 31.86 9725.96 
2.2551e-05 2.2607e-05 32.64 9758.61 
2.2338e-05 2.1712e-05 32.03 9790.63 
2.2401e-05 2.2116e-05 30.33 9820.96 
2.2385e-05 2.2881e-05 31.67 9852.63 
2.2784e-05 2.1506e-05 31.76 9884.39 
2.2497e-05 2.1076e-05 32.64 9917.03 
2.2241e-05 2.1514e-05 34.31 9951.35 
2.3290e-05 2.2002e-05 32.36 9983.71 
2.2525e-05 2.3034e-05 32.22 10015.92 
2.3199e-05 2.1209e-05 32.25 10048.18 
2.2827e-05 2.1218e-05 32.36 10080.53 
2.1954e-05 2.4603e-05 31.56 10112.10 
2.3181e-05 2.1789e-05 31.07 10143.17 
2.2546e-05 2.2006e-05 31.97 10175.14 
2.2549e-05 2.2736e-05 30.63 10205.77 
2.2415e-05 2.2085e-05 31.12 10236.90 
2.2122e-05 2.0281e-05 32.01 10268.90 
2.1976e-05 1.8671e-05 34.05 10302.96 
2.1864e-05 2.2010e-05 32.74 10335.70 
2.1757e-05 2.3927e-05 32.95 10368.65 
2.1686e-05 2.0279e-05 20.40 10389.05 
2.2279e-05 4.1800e-05 16.23 10405.28 
2.2292e-05 3.4385e-05 22.17 10427.45 
2.2090e-05 3.4242e-05 22.71 10450.16 
2.2166e-05 1.9583e-05 22.68 10472.84 
2.1992e-05 2.3430e-05 22.95 10495.80 
2.1354e-05 1.9731e-05 10.88 10506.67 
2.1860e-05 2.0243e-05 8.91 10515.59 
2.1343e-05 1.9739e-05 8.91 10524.50 
2.2025e-05 1.9134e-05 17.25 10541.75 
2.1667e-05 1.9575e-05 26.10 10567.85 
2.1596e-05 2.1738e-05 32.79 10600.65 
2.1770e-05 1.9387e-05 31.32 10631.96 
2.1234e-05 1.9523e-05 33.03 10664.99 
2.1255e-05 1.9636e-05 29.82 10694.81 
2.2155e-05 1.9607e-05 30.69 10725.51 
2.1642e-05 2.3502e-05 32.76 10758.26 
2.1938e-05 2.1481e-05 32.54 10790.81 
2.1736e-05 2.3091e-05 32.75 10823.56 
2.1921e-05 1.9960e-05 31.08 10854.64 
2.1648e-05 2.2483e-05 31.12 10885.76 
2.1256e-05 1.9200e-05 31.37 10917.14 
2.0953e-05 1.8928e-05 31.11 10948.25 
2.0922e-05 1.8894e-05 30.58 10978.83 
2.1142e-05 1.8992e-05 31.10 11009.93 
2.1088e-05 1.9716e-05 31.44 11041.37 
2.2013e-05 2.8809e-05 32.36 11073.73 
2.1039e-05 1.9893e-05 31.21 11104.95 
2.1246e-05 2.3670e-05 32.02 11136.96 
2.1956e-05 2.6765e-05 31.48 11168.44 
2.1137e-05 2.5525e-05 29.47 11197.91 
2.1285e-05 2.4051e-05 32.19 11230.10 
2.1231e-05 2.6541e-05 31.57 11261.67 
2.1106e-05 2.9701e-05 31.64 11293.31 
2.1412e-05 2.6971e-05 32.13 11325.43 
2.0253e-05 2.1128e-05 30.52 11355.96 
2.1246e-05 2.8675e-05 31.87 11387.82 
2.1335e-05 2.9163e-05 31.46 11419.28 
2.2326e-05 2.2136e-05 31.39 11450.67 
2.1616e-05 2.4877e-05 32.67 11483.35 
2.1536e-05 2.7143e-05 32.78 11516.12 
2.1711e-05 2.4289e-05 32.41 11548.53 
2.1288e-05 2.0685e-05 32.48 11581.01 
2.1762e-05 2.6071e-05 32.78 11613.79 
2.2003e-05 2.6860e-05 30.26 11644.05 
2.1141e-05 2.0789e-05 30.75 11674.80 
2.0651e-05 2.0404e-05 32.98 11707.78 
2.1281e-05 2.0396e-05 31.82 11739.59 
2.1172e-05 2.6784e-05 32.11 11771.71 
1.6211e-05 1.7892e-05 30.26 11801.96 
1.6346e-05 1.8808e-05 31.39 11833.36 
1.6663e-05 1.7506e-05 31.20 11864.56 
1.6652e-05 1.7525e-05 30.20 11894.76 
1.6648e-05 1.7528e-05 30.77 11925.52 
1.6642e-05 1.7520e-05 30.81 11956.34 
1.6634e-05 1.7508e-05 31.58 11987.92 
1.6558e-05 1.6342e-05 31.04 12018.96 
1.6472e-05 1.6328e-05 33.95 12052.91 
1.6468e-05 1.6306e-05 32.96 12085.87 
1.6460e-05 1.6283e-05 28.29 12114.16 
1.6450e-05 1.6261e-05 32.92 12147.09 
1.6446e-05 1.6270e-05 32.25 12179.33 
1.6468e-05 1.6236e-05 31.67 12211.01 
1.6455e-05 1.6212e-05 32.78 12243.79 
1.6446e-05 1.6191e-05 19.68 12263.47 
1.6437e-05 1.6173e-05 14.44 12277.91 
1.6352e-05 1.6341e-05 17.17 12295.08 
1.6317e-05 1.6316e-05 17.38 12312.46 
1.6319e-05 1.6295e-05 17.39 12329.85 
1.6312e-05 1.6280e-05 16.97 12346.83 
1.6304e-05 1.6269e-05 17.42 12364.24 
1.6406e-05 1.7520e-05 17.25 12381.50 
1.6362e-05 1.7341e-05 17.42 12398.92 
1.6346e-05 1.7289e-05 17.58 12416.50 
1.6336e-05 1.7280e-05 6.23 12422.74 
1.6327e-05 1.7277e-05 5.59 12428.33 
1.6564e-05 1.6990e-05 5.69 12434.02 
1.6472e-05 1.6948e-05 5.64 12439.66 
1.6456e-05 1.6940e-05 5.64 12445.29 
1.6443e-05 1.6938e-05 5.63 12450.93 
1.6432e-05 1.6939e-05 5.64 12456.57 
1.6288e-05 1.6113e-05 5.65 12462.21 
1.6244e-05 1.6049e-05 5.60 12467.81 
1.6252e-05 1.6014e-05 5.59 12473.41 
1.6247e-05 1.5993e-05 5.59 12479.00 
1.6239e-05 1.5977e-05 5.60 12484.60 
1.6179e-05 1.7350e-05 5.70 12490.29 
1.6156e-05 1.7418e-05 5.64 12495.93 
1.6152e-05 1.7426e-05 5.64 12501.57 
1.6143e-05 1.7412e-05 5.63 12507.20 
1.6133e-05 1.7397e-05 5.63 12512.83 
1.6105e-05 1.5918e-05 5.64 12518.47 
1.6111e-05 1.5902e-05 5.59 12524.06 
1.6109e-05 1.5885e-05 5.59 12529.64 
1.6102e-05 1.5872e-05 5.59 12535.24 
1.6095e-05 1.5860e-05 5.58 12540.82 
1.6264e-05 1.5919e-05 5.69 12546.50 
1.6183e-05 1.5953e-05 5.63 12552.13 
1.6166e-05 1.5965e-05 5.63 12557.76 
1.6156e-05 1.5969e-05 5.63 12563.39 
1.6146e-05 1.5968e-05 5.63 12569.02 
1.6091e-05 1.7106e-05 5.64 12574.66 
1.6051e-05 1.7189e-05 5.59 12580.25 
1.6044e-05 1.7108e-05 5.59 12585.84 
1.6036e-05 1.6992e-05 5.59 12591.43 
1.6029e-05 1.6886e-05 5.59 12597.01 
1.6043e-05 1.5554e-05 5.69 12602.71 
1.5985e-05 1.5557e-05 5.63 12608.33 
1.5981e-05 1.5543e-05 5.63 12613.96 
1.5973e-05 1.5532e-05 5.63 12619.59 
1.5964e-05 1.5525e-05 5.62 12625.22 
1.5869e-05 1.5743e-05 5.64 12630.86 
1.5884e-05 1.5746e-05 5.59 12636.44 
1.5881e-05 1.5748e-05 5.58 12642.03 
1.5874e-05 1.5746e-05 5.59 12647.62 
1.5866e-05 1.5741e-05 5.58 12653.20 
1.6086e-05 1.5956e-05 5.68 12658.88 
1.6024e-05 1.5932e-05 5.63 12664.50 
1.6001e-05 1.5909e-05 5.63 12670.13 
1.5986e-05 1.5902e-05 5.63 12675.76 
1.5975e-05 1.5900e-05 5.63 12681.39 
1.5762e-05 1.6197e-05 5.63 12687.02 
1.5769e-05 1.6212e-05 5.59 12692.61 
1.5769e-05 1.6213e-05 5.59 12698.20 
1.5762e-05 1.6201e-05 5.59 12703.79 
1.5753e-05 1.6190e-05 5.59 12709.38 
1.5882e-05 1.7863e-05 5.69 12715.07 
1.5895e-05 1.7746e-05 5.63 12720.70 
1.5873e-05 1.7704e-05 5.63 12726.33 
1.5863e-05 1.7662e-05 5.63 12731.95 
1.5854e-05 1.7630e-05 5.63 12737.58 
1.5843e-05 1.5697e-05 5.65 12743.23 
1.5818e-05 1.5720e-05 5.58 12748.81 
1.5808e-05 1.5732e-05 5.59 12754.40 
1.5799e-05 1.5739e-05 5.59 12759.98 
1.5790e-05 1.5746e-05 5.59 12765.57 
1.5838e-05 1.6019e-05 5.68 12771.25 
1.5807e-05 1.5935e-05 5.63 12776.88 
1.5797e-05 1.5798e-05 5.63 12782.50 
1.5785e-05 1.5711e-05 5.63 12788.13 
1.5774e-05 1.5658e-05 5.63 12793.76 
1.5671e-05 1.6877e-05 5.64 12799.40 
1.5658e-05 1.6871e-05 5.59 12804.98 
1.5651e-05 1.6845e-05 5.59 12810.57 
1.5641e-05 1.6824e-05 5.59 12816.16 
1.5632e-05 1.6808e-05 5.59 12821.75 
1.6055e-05 1.7351e-05 5.69 12827.44 
1.5919e-05 1.7289e-05 5.63 12833.07 
1.5883e-05 1.7302e-05 5.64 12838.71 
1.5872e-05 1.7300e-05 5.63 12844.33 
1.5864e-05 1.7292e-05 5.63 12849.96 
1.5536e-05 1.5616e-05 5.64 12855.60 
1.5559e-05 1.5578e-05 5.58 12861.19 
1.5570e-05 1.5552e-05 5.59 12866.78 
1.5566e-05 1.5537e-05 5.59 12872.36 
1.5560e-05 1.5530e-05 5.59 12877.95 
1.5664e-05 1.6438e-05 5.68 12883.63 
1.5622e-05 1.6553e-05 5.63 12889.26 
1.5614e-05 1.6576e-05 5.63 12894.89 
1.5609e-05 1.6567e-05 5.63 12900.51 
1.5605e-05 1.6546e-05 5.63 12906.14 
1.4649e-05 1.4943e-05 5.65 12911.79 
1.4655e-05 1.4988e-05 5.58 12917.38 
1.4675e-05 1.5036e-05 5.59 12922.97 
1.4681e-05 1.5053e-05 5.59 12928.55 
1.4681e-05 1.5056e-05 5.59 12934.14 
1.4728e-05 1.5044e-05 5.68 12939.82 
1.4717e-05 1.5039e-05 5.63 12945.45 
1.4710e-05 1.5036e-05 5.63 12951.08 
1.4706e-05 1.5033e-05 5.63 12956.71 
1.4702e-05 1.5029e-05 5.63 12962.34 
1.4701e-05 1.4823e-05 5.65 12967.99 
1.4688e-05 1.4819e-05 5.59 12973.57 
1.4686e-05 1.4816e-05 5.59 12979.17 
1.4683e-05 1.4814e-05 5.59 12984.75 
1.4680e-05 1.4812e-05 5.59 12990.34 
1.4660e-05 1.4886e-05 5.68 12996.02 
1.4662e-05 1.4886e-05 5.63 13001.65 
1.4660e-05 1.4884e-05 5.63 13007.28 
1.4657e-05 1.4881e-05 5.63 13012.91 
1.4654e-05 1.4877e-05 5.69 13018.60 
1.4627e-05 1.4931e-05 5.63 13024.22 
1.4627e-05 1.4925e-05 5.58 13029.80 
1.4626e-05 1.4921e-05 5.57 13035.37 
1.4623e-05 1.4918e-05 5.58 13040.95 
1.4619e-05 1.4915e-05 5.57 13046.53 
1.4636e-05 1.5006e-05 5.67 13052.20 
1.4624e-05 1.5016e-05 5.62 13057.82 
1.4619e-05 1.5019e-05 5.62 13063.44 
1.4615e-05 1.5020e-05 5.62 13069.06 
1.4611e-05 1.5017e-05 5.62 13074.67 
1.4636e-05 1.4947e-05 5.63 13080.31 
1.4625e-05 1.4934e-05 5.58 13085.89 
1.4619e-05 1.4928e-05 5.58 13091.47 
1.4615e-05 1.4923e-05 5.58 13097.05 
1.4611e-05 1.4919e-05 5.58 13102.63 
1.4625e-05 1.4929e-05 5.68 13108.31 
1.4617e-05 1.4910e-05 5.62 13113.92 
1.4614e-05 1.4901e-05 5.62 13119.54 
1.4611e-05 1.4894e-05 5.62 13125.16 
1.4607e-05 1.4888e-05 5.62 13130.77 
1.4589e-05 1.4818e-05 5.63 13136.40 
1.4584e-05 1.4819e-05 5.58 13141.98 
1.4581e-05 1.4818e-05 5.58 13147.55 
1.4578e-05 1.4817e-05 5.57 13153.13 
1.4575e-05 1.4814e-05 5.58 13158.70 
1.4583e-05 1.4709e-05 5.67 13164.38 
1.4575e-05 1.4708e-05 5.62 13169.99 
1.4572e-05 1.4705e-05 5.62 13175.61 
1.4569e-05 1.4703e-05 5.62 13181.24 
1.4566e-05 1.4700e-05 5.62 13186.85 
1.4573e-05 1.4739e-05 5.63 13192.48 
1.4567e-05 1.4740e-05 5.58 13198.06 
1.4563e-05 1.4739e-05 5.57 13203.63 
1.4560e-05 1.4737e-05 5.57 13209.21 
1.4557e-05 1.4736e-05 5.58 13214.79 
1.4550e-05 1.4741e-05 5.68 13220.46 
1.4547e-05 1.4741e-05 5.62 13226.08 
1.4544e-05 1.4738e-05 5.63 13231.71 
1.4540e-05 1.4735e-05 5.62 13237.32 
1.4537e-05 1.4733e-05 5.62 13242.94 
1.4514e-05 1.5055e-05 5.63 13248.57 
1.4514e-05 1.5048e-05 5.57 13254.14 
1.4511e-05 1.5042e-05 5.57 13259.72 
1.4507e-05 1.5036e-05 5.58 13265.30 
1.4504e-05 1.5031e-05 5.57 13270.87 
1.4504e-05 1.4713e-05 5.68 13276.54 
1.4498e-05 1.4710e-05 5.62 13282.16 
1.4495e-05 1.4707e-05 5.62 13287.78 
1.4492e-05 1.4705e-05 5.62 13293.40 
1.4489e-05 1.4702e-05 5.62 13299.02 
1.4466e-05 1.4887e-05 5.63 13304.65 
1.4467e-05 1.4888e-05 5.58 13310.23 
1.4464e-05 1.4886e-05 5.58 13315.81 
1.4461e-05 1.4883e-05 5.58 13321.38 
1.4458e-05 1.4880e-05 5.58 13326.96 
1.4456e-05 1.4897e-05 5.67 13332.63 
1.4448e-05 1.4906e-05 5.62 13338.26 
1.4445e-05 1.4910e-05 5.62 13343.88 
1.4442e-05 1.4911e-05 5.62 13349.50 
1.4439e-05 1.4910e-05 5.63 13355.12 
1.4442e-05 1.4652e-05 5.63 13360.76 
1.4429e-05 1.4646e-05 5.58 13366.33 
1.4425e-05 1.4642e-05 5.58 13371.91 
1.4422e-05 1.4638e-05 5.57 13377.48 
1.4418e-05 1.4634e-05 5.58 13383.06 
1.4435e-05 1.4589e-05 5.67 13388.74 
1.4430e-05 1.4583e-05 5.62 13394.35 
1.4427e-05 1.4579e-05 5.62 13399.97 
1.4424e-05 1.4576e-05 5.62 13405.59 
1.4420e-05 1.4572e-05 5.62 13411.21 
1.4415e-05 1.4770e-05 5.63 13416.84 
1.4414e-05 1.4771e-05 5.58 13422.42 
1.4411e-05 1.4772e-05 5.58 13428.00 
1.4407e-05 1.4772e-05 5.58 13433.58 
1.4404e-05 1.4770e-05 5.58 13439.15 
1.4394e-05 1.4755e-05 5.67 13444.82 
1.4392e-05 1.4750e-05 5.62 13450.44 
1.4389e-05 1.4746e-05 5.61 13456.06 
1.4385e-05 1.4742e-05 5.62 13461.68 
1.4382e-05 1.4738e-05 5.62 13467.30 
1.4388e-05 1.4595e-05 5.63 13472.93 
1.4384e-05 1.4588e-05 5.57 13478.51 
1.4380e-05 1.4583e-05 5.58 13484.09 
1.4377e-05 1.4579e-05 5.58 13489.66 
1.4373e-05 1.4576e-05 5.57 13495.23 
1.4359e-05 1.4667e-05 5.68 13500.91 
1.4361e-05 1.4668e-05 5.62 13506.53 
1.4358e-05 1.4666e-05 5.62 13512.15 
1.4354e-05 1.4664e-05 5.62 13517.76 
1.4351e-05 1.4662e-05 5.62 13523.38 
1.4363e-05 1.4598e-05 5.63 13529.00 
1.4355e-05 1.4594e-05 5.57 13534.58 
1.4350e-05 1.4591e-05 5.58 13540.16 
1.4347e-05 1.4588e-05 5.58 13545.74 
1.4343e-05 1.4585e-05 5.58 13551.32 
1.4383e-05 1.4532e-05 5.67 13556.99 
1.4366e-05 1.4531e-05 5.62 13562.61 
1.4362e-05 1.4528e-05 5.62 13568.23 
1.4358e-05 1.4526e-05 5.62 13573.85 
1.4355e-05 1.4523e-05 5.62 13579.47 
1.4314e-05 1.4689e-05 5.63 13585.10 
1.4323e-05 1.4678e-05 5.58 13590.67 
1.4320e-05 1.4670e-05 5.58 13596.25 
1.4317e-05 1.4663e-05 5.57 13601.82 
1.4313e-05 1.4657e-05 5.57 13607.39 
1.4301e-05 1.4605e-05 5.67 13613.06 
1.4301e-05 1.4602e-05 5.62 13618.68 
1.4298e-05 1.4600e-05 5.62 13624.29 
1.4295e-05 1.4599e-05 5.62 13629.91 
1.4291e-05 1.4597e-05 5.62 13635.53 
1.4292e-05 1.4618e-05 5.63 13641.16 
1.4293e-05 1.4611e-05 5.57 13646.73 
1.4289e-05 1.4606e-05 5.57 13652.30 
1.4286e-05 1.4603e-05 5.58 13657.88 
1.4284e-05 1.4600e-05 5.57 13663.45 
1.4285e-05 1.4440e-05 5.66 13669.12 
1.4279e-05 1.4437e-05 5.62 13674.74 
1.4276e-05 1.4434e-05 5.62 13680.36 
1.4273e-05 1.4431e-05 5.62 13685.97 
1.4270e-05 1.4427e-05 5.62 13691.59 
1.4279e-05 1.5184e-05 5.63 13697.23 
1.4283e-05 1.5166e-05 5.58 13702.80 
1.4279e-05 1.5164e-05 5.58 13708.38 
1.4275e-05 1.5165e-05 5.58 13713.96 
1.4272e-05 1.5166e-05 5.58 13719.53 
1.4235e-05 1.4579e-05 5.67 13725.20 
1.4232e-05 1.4577e-05 5.62 13730.82 
1.4230e-05 1.4573e-05 5.62 13736.44 
1.4228e-05 1.4570e-05 5.61 13742.06 
1.4224e-05 1.4566e-05 5.62 13747.68 
1.4247e-05 1.4430e-05 5.63 13753.31 
1.4243e-05 1.4423e-05 5.57 13758.89 
1.4239e-05 1.4419e-05 5.57 13764.46 
1.4235e-05 1.4417e-05 5.58 13770.04 
1.4232e-05 1.4414e-05 5.57 13775.61 
1.4232e-05 1.4583e-05 5.67 13781.28 
1.4222e-05 1.4589e-05 5.62 13786.90 
1.4218e-05 1.4588e-05 5.62 13792.52 
1.4214e-05 1.4586e-05 5.62 13798.14 
1.4211e-05 1.4582e-05 5.62 13803.76 
1.4204e-05 1.4369e-05 5.63 13809.38 
1.4205e-05 1.4364e-05 5.58 13814.96 
1.4204e-05 1.4359e-05 5.58 13820.54 
1.4201e-05 1.4355e-05 5.58 13826.11 
1.4198e-05 1.4350e-05 5.58 13831.69 
1.4172e-05 1.4474e-05 5.67 13837.36 
1.4174e-05 1.4469e-05 5.62 13842.99 
1.4172e-05 1.4465e-05 5.62 13848.60 
1.4169e-05 1.4461e-05 5.63 13854.23 
1.4166e-05 1.4457e-05 5.62 13859.84 
1.4177e-05 1.4422e-05 5.63 13865.48 
1.4168e-05 1.4416e-05 5.57 13871.05 
1.4164e-05 1.4413e-05 5.58 13876.63 
1.4160e-05 1.4410e-05 5.57 13882.20 
1.4157e-05 1.4406e-05 5.57 13887.78 
1.4147e-05 1.4304e-05 5.67 13893.44 
1.4152e-05 1.4296e-05 5.62 13899.06 
1.4149e-05 1.4291e-05 5.62 13904.68 
1.4146e-05 1.4287e-05 5.62 13910.30 
1.4143e-05 1.4283e-05 5.62 13915.92 
1.4131e-05 1.4423e-05 5.63 13921.55 
1.4133e-05 1.4436e-05 5.58 13927.12 
1.4130e-05 1.4439e-05 5.58 13932.70 
1.4127e-05 1.4438e-05 5.58 13938.28 
1.4124e-05 1.4435e-05 5.57 13943.85 
1.4118e-05 1.4306e-05 5.67 13949.52 
1.4113e-05 1.4305e-05 5.62 13955.14 
1.4110e-05 1.4304e-05 5.62 13960.76 
1.4107e-05 1.4302e-05 5.62 13966.38 
1.4104e-05 1.4299e-05 5.62 13972.00 
1.4068e-05 1.4259e-05 5.63 13977.63 
1.4070e-05 1.4260e-05 5.58 13983.20 
1.4068e-05 1.4259e-05 5.58 13988.78 
1.4065e-05 1.4257e-05 5.57 13994.35 
1.4062e-05 1.4254e-05 5.58 13999.93 
1.4085e-05 1.4781e-05 5.67 14005.59 
1.4086e-05 1.4779e-05 5.62 14011.21 
1.4082e-05 1.4780e-05 5.62 14016.83 
1.4079e-05 1.4780e-05 5.62 14022.45 
1.4076e-05 1.4780e-05 5.62 14028.07 
1.4084e-05 1.4846e-05 5.63 14033.70 
1.4068e-05 1.4831e-05 5.58 14039.28 
1.4065e-05 1.4825e-05 5.58 14044.86 
1.4061e-05 1.4820e-05 5.57 14050.43 
1.4058e-05 1.4817e-05 5.58 14056.00 
1.4048e-05 1.4209e-05 5.67 14061.67 
1.4043e-05 1.4202e-05 5.62 14067.29 
1.4041e-05 1.4198e-05 5.62 14072.91 
1.4038e-05 1.4195e-05 5.62 14078.53 
1.4035e-05 1.4192e-05 5.63 14084.15 
1.4015e-05 1.4458e-05 5.63 14089.78 
1.4011e-05 1.4454e-05 5.57 14095.36 
1.4008e-05 1.4451e-05 5.58 14100.93 
1.4005e-05 1.4447e-05 5.58 14106.51 
1.4002e-05 1.4443e-05 5.58 14112.08 
1.4015e-05 1.4146e-05 5.67 14117.75 
1.4010e-05 1.4140e-05 5.62 14123.37 
1.4008e-05 1.4136e-05 5.62 14128.99 
1.4005e-05 1.4133e-05 5.62 14134.61 
1.4001e-05 1.4130e-05 5.62 14140.22 
1.4014e-05 1.4147e-05 5.63 14145.85 
1.4003e-05 1.4147e-05 5.57 14151.43 
1.3999e-05 1.4145e-05 5.57 14157.00 
1.3996e-05 1.4143e-05 5.58 14162.58 
1.3993e-05 1.4140e-05 5.58 14168.16 
1.3988e-05 1.4187e-05 5.67 14173.83 
1.3975e-05 1.4182e-05 5.62 14179.45 
1.3971e-05 1.4179e-05 5.62 14185.07 
1.3968e-05 1.4177e-05 5.62 14190.69 
1.3965e-05 1.4174e-05 5.62 14196.30 
1.3968e-05 1.4200e-05 5.63 14201.93 
1.3966e-05 1.4195e-05 5.57 14207.50 
1.3963e-05 1.4191e-05 5.58 14213.08 
1.3960e-05 1.4188e-05 5.58 14218.66 
1.3957e-05 1.4184e-05 5.58 14224.23 
1.4012e-05 1.4127e-05 5.66 14229.90 
1.3998e-05 1.4128e-05 5.63 14235.52 
1.3992e-05 1.4127e-05 5.62 14241.14 
1.3989e-05 1.4124e-05 5.62 14246.76 
1.3986e-05 1.4122e-05 5.62 14252.37 
1.3923e-05 1.4162e-05 5.64 14258.01 
1.3934e-05 1.4161e-05 5.57 14263.58 
1.3933e-05 1.4161e-05 5.58 14269.15 
1.3930e-05 1.4161e-05 5.58 14274.73 
1.3927e-05 1.4160e-05 5.58 14280.31 
1.3905e-05 1.4363e-05 5.67 14285.98 
1.3908e-05 1.4367e-05 5.63 14291.60 
1.3907e-05 1.4363e-05 5.62 14297.22 
1.3904e-05 1.4359e-05 5.62 14302.84 
1.3901e-05 1.4353e-05 5.62 14308.46 
1.3893e-05 1.4007e-05 5.63 14314.10 
1.3881e-05 1.4007e-05 5.58 14319.67 
1.3879e-05 1.4005e-05 5.58 14325.25 
1.3876e-05 1.4002e-05 5.58 14330.83 
1.3873e-05 1.3999e-05 5.57 14336.40 
1.3908e-05 1.4118e-05 5.67 14342.07 
1.3895e-05 1.4119e-05 5.62 14347.69 
1.3890e-05 1.4118e-05 5.62 14353.31 
1.3887e-05 1.4115e-05 5.62 14358.93 
1.3884e-05 1.4113e-05 5.62 14364.55 
1.3880e-05 1.4148e-05 5.63 14370.18 
1.3882e-05 1.4145e-05 5.58 14375.76 
1.3879e-05 1.4144e-05 5.58 14381.33 
1.3875e-05 1.4144e-05 5.58 14386.91 
1.3872e-05 1.4143e-05 5.58 14392.49 
1.3862e-05 1.4173e-05 5.68 14398.17 
1.3863e-05 1.4175e-05 5.62 14403.79 
1.3860e-05 1.4175e-05 5.62 14409.41 
1.3857e-05 1.4174e-05 5.62 14415.03 
1.3854e-05 1.4172e-05 5.62 14420.65 
1.3887e-05 1.4041e-05 5.63 14426.28 
1.3877e-05 1.4038e-05 5.57 14431.85 
1.3871e-05 1.4035e-05 5.58 14437.43 
1.3867e-05 1.4032e-05 5.57 14443.00 
1.3864e-05 1.4029e-05 5.58 14448.58 
1.3821e-05 1.4095e-05 5.67 14454.25 
1.3825e-05 1.4096e-05 5.62 14459.87 
1.3823e-05 1.4095e-05 5.61 14465.49 
1.3821e-05 1.4094e-05 5.62 14471.11 
1.3818e-05 1.4092e-05 5.62 14476.73 
1.3816e-05 1.4129e-05 5.63 14482.36 
1.3809e-05 1.4121e-05 5.57 14487.93 
1.3805e-05 1.4117e-05 5.58 14493.51 
1.3802e-05 1.4113e-05 5.58 14499.09 
1.3799e-05 1.4111e-05 5.58 14504.66 
1.3799e-05 1.4120e-05 5.68 14510.34 
1.3790e-05 1.4110e-05 5.62 14515.95 
1.3786e-05 1.4105e-05 5.62 14521.57 
1.3783e-05 1.4101e-05 5.62 14527.19 
1.3780e-05 1.4097e-05 5.62 14532.80 
1.3772e-05 1.4079e-05 5.63 14538.43 
1.3776e-05 1.4075e-05 5.57 14544.01 
1.3773e-05 1.4073e-05 5.58 14549.58 
1.3771e-05 1.4070e-05 5.58 14555.16 
1.3768e-05 1.4067e-05 5.57 14560.73 
1.3748e-05 1.3939e-05 5.67 14566.40 
1.3742e-05 1.3939e-05 5.62 14572.02 
1.3740e-05 1.3937e-05 5.62 14577.63 
1.3737e-05 1.3934e-05 5.62 14583.25 
1.3733e-05 1.3931e-05 5.62 14588.87 
1.3784e-05 1.3912e-05 5.64 14594.51 
1.3779e-05 1.3910e-05 5.58 14600.09 
1.3774e-05 1.3907e-05 5.57 14605.66 
1.3771e-05 1.3905e-05 5.58 14611.24 
1.3768e-05 1.3902e-05 5.58 14616.82 
1.3748e-05 1.3929e-05 5.67 14622.49 
1.3744e-05 1.3926e-05 5.62 14628.11 
1.3741e-05 1.3924e-05 5.62 14633.73 
1.3738e-05 1.3920e-05 5.62 14639.35 
1.3735e-05 1.3917e-05 5.62 14644.96 
1.3730e-05 1.4143e-05 5.63 14650.60 
1.3731e-05 1.4133e-05 5.57 14656.17 
1.3728e-05 1.4125e-05 5.58 14661.75 
1.3725e-05 1.4118e-05 5.58 14667.32 
1.3722e-05 1.4113e-05 5.57 14672.90 
1.3735e-05 1.4204e-05 5.67 14678.57 
1.3722e-05 1.4195e-05 5.62 14684.18 
1.3717e-05 1.4188e-05 5.62 14689.81 
1.3713e-05 1.4183e-05 5.62 14695.43 
1.3710e-05 1.4178e-05 5.62 14701.05 
1.3660e-05 1.4110e-05 5.63 14706.67 
1.3667e-05 1.4118e-05 5.58 14712.25 
1.3667e-05 1.4113e-05 5.57 14717.82 
1.3664e-05 1.4107e-05 5.58 14723.40 
1.3661e-05 1.4101e-05 5.57 14728.97 
1.3679e-05 1.3814e-05 5.68 14734.65 
1.3668e-05 1.3816e-05 5.62 14740.27 
1.3665e-05 1.3816e-05 5.62 14745.89 
1.3662e-05 1.3814e-05 5.62 14751.51 
1.3659e-05 1.3811e-05 5.62 14757.13 
1.3688e-05 1.4077e-05 5.63 14762.76 
1.3681e-05 1.4071e-05 5.58 14768.33 
1.3676e-05 1.4070e-05 5.58 14773.91 
1.3672e-05 1.4069e-05 5.58 14779.49 
1.3669e-05 1.4069e-05 5.58 14785.07 
1.3667e-05 1.3878e-05 5.68 14790.75 
1.3657e-05 1.3874e-05 5.62 14796.37 
1.3654e-05 1.3870e-05 5.62 14801.98 
1.3652e-05 1.3867e-05 5.62 14807.60 
1.3649e-05 1.3864e-05 5.62 14813.22 
1.3634e-05 1.3848e-05 5.63 14818.85 
1.3638e-05 1.3844e-05 5.57 14824.43 
1.3635e-05 1.3839e-05 5.58 14830.01 
1.3632e-05 1.3835e-05 5.58 14835.58 
1.3629e-05 1.3831e-05 5.58 14841.16 
1.3615e-05 1.3995e-05 5.67 14846.83 
1.3615e-05 1.3993e-05 5.62 14852.44 
1.3612e-05 1.3989e-05 5.62 14858.07 
1.3610e-05 1.3985e-05 5.62 14863.69 
1.3607e-05 1.3981e-05 5.62 14869.31 
1.3648e-05 1.3755e-05 5.63 14874.94 
1.3627e-05 1.3754e-05 5.58 14880.52 
1.3622e-05 1.3754e-05 5.58 14886.10 
1.3618e-05 1.3752e-05 5.58 14891.68 
1.3615e-05 1.3750e-05 5.58 14897.26 
1.3596e-05 1.3898e-05 5.68 14902.93 
1.3598e-05 1.3903e-05 5.62 14908.55 
1.3596e-05 1.3905e-05 5.62 14914.17 
1.3594e-05 1.3905e-05 5.62 14919.79 
1.3591e-05 1.3904e-05 5.62 14925.41 
1.3559e-05 1.3789e-05 5.63 14931.03 
1.3562e-05 1.3789e-05 5.57 14936.61 
1.3561e-05 1.3788e-05 5.58 14942.18 
1.3558e-05 1.3785e-05 5.57 14947.76 
1.3555e-05 1.3783e-05 5.58 14953.33 
1.3655e-05 1.3990e-05 5.67 14959.00 
1.3630e-05 1.3988e-05 5.62 14964.62 
1.3623e-05 1.3985e-05 5.62 14970.24 
1.3619e-05 1.3984e-05 5.62 14975.86 
1.3616e-05 1.3982e-05 5.62 14981.48 
1.3552e-05 1.3712e-05 5.92 14987.40 
1.3561e-05 1.3715e-05 5.66 14993.06 
1.3562e-05 1.3715e-05 5.64 14998.70 
1.3560e-05 1.3714e-05 5.78 15004.48 
1.3558e-05 1.3713e-05 5.86 15010.34 
1.3528e-05 1.3704e-05 6.05 15016.39 
1.3528e-05 1.3699e-05 5.83 15022.22 
1.3525e-05 1.3696e-05 5.82 15028.04 
1.3522e-05 1.3692e-05 5.82 15033.86 
1.3518e-05 1.3689e-05 5.83 15039.69 
1.3541e-05 1.3759e-05 5.85 15045.54 
1.3528e-05 1.3758e-05 5.78 15051.31 
1.3525e-05 1.3757e-05 5.79 15057.11 
1.3522e-05 1.3755e-05 5.79 15062.90 
1.3519e-05 1.3753e-05 5.78 15068.68 
1.3501e-05 1.3793e-05 5.87 15074.54 
1.3500e-05 1.3796e-05 5.81 15080.35 
1.3498e-05 1.3796e-05 5.84 15086.20 
1.3495e-05 1.3795e-05 5.85 15092.05 
1.3492e-05 1.3793e-05 5.87 15097.92 
1.3480e-05 1.3958e-05 5.87 15103.79 
1.3480e-05 1.3965e-05 5.82 15109.61 
1.3477e-05 1.3966e-05 5.98 15115.60 
1.3474e-05 1.3967e-05 5.81 15121.41 
1.3471e-05 1.3965e-05 5.90 15127.31 
1.3476e-05 1.3978e-05 5.76 15133.07 
1.3469e-05 1.3963e-05 5.64 15138.71 
1.3466e-05 1.3952e-05 5.63 15144.33 
1.3463e-05 1.3945e-05 5.64 15149.97 
1.3460e-05 1.3939e-05 5.63 15155.60 
1.3454e-05 1.3636e-05 5.64 15161.25 
1.3448e-05 1.3631e-05 5.59 15166.83 
1.3445e-05 1.3627e-05 5.59 15172.42 
1.3442e-05 1.3624e-05 5.59 15178.01 
1.3439e-05 1.3621e-05 5.59 15183.60 
1.3469e-05 1.3678e-05 5.68 15189.29 
1.3458e-05 1.3672e-05 5.63 15194.92 
1.3453e-05 1.3667e-05 5.63 15200.55 
1.3449e-05 1.3664e-05 5.63 15206.17 
1.3446e-05 1.3661e-05 5.63 15211.80 
1.3429e-05 1.3637e-05 5.65 15217.45 
1.3426e-05 1.3630e-05 5.59 15223.04 
1.3423e-05 1.3627e-05 5.60 15228.63 
1.3420e-05 1.3625e-05 5.59 15234.22 
1.3417e-05 1.3623e-05 5.59 15239.81 
1.3412e-05 1.3588e-05 5.69 15245.49 
1.3408e-05 1.3589e-05 5.63 15251.12 
1.3407e-05 1.3587e-05 5.63 15256.75 
1.3404e-05 1.3584e-05 5.63 15262.38 
1.3402e-05 1.3581e-05 5.63 15268.01 
1.3400e-05 1.4341e-05 5.64 15273.65 
1.3399e-05 1.4278e-05 5.59 15279.24 
1.3394e-05 1.4260e-05 5.59 15284.82 
1.3391e-05 1.4255e-05 5.58 15290.40 
1.3388e-05 1.4253e-05 5.58 15295.98 
1.3398e-05 1.3607e-05 5.68 15301.67 
1.3385e-05 1.3606e-05 5.62 15307.29 
1.3383e-05 1.3604e-05 5.63 15312.92 
1.3381e-05 1.3601e-05 5.62 15318.54 
1.3378e-05 1.3597e-05 5.62 15324.16 
1.3396e-05 1.3543e-05 5.64 15329.80 
1.3384e-05 1.3541e-05 5.58 15335.37 
1.3381e-05 1.3540e-05 5.58 15340.96 
1.3378e-05 1.3537e-05 5.58 15346.54 
1.3376e-05 1.3535e-05 5.58 15352.12 
1.3352e-05 1.3489e-05 5.68 15357.80 
1.3352e-05 1.3488e-05 5.62 15363.42 
1.3351e-05 1.3486e-05 5.63 15369.05 
1.3349e-05 1.3483e-05 5.63 15374.68 
1.3346e-05 1.3481e-05 5.62 15380.30 
1.3390e-05 1.3464e-05 5.64 15385.94 
1.3376e-05 1.3462e-05 5.58 15391.52 
1.3371e-05 1.3460e-05 5.58 15397.11 
1.3368e-05 1.3458e-05 5.58 15402.69 
1.3365e-05 1.3455e-05 5.58 15408.27 
1.3360e-05 1.3741e-05 5.68 15413.95 
1.3354e-05 1.3734e-05 5.62 15419.57 
1.3353e-05 1.3733e-05 5.62 15425.20 
1.3350e-05 1.3732e-05 5.63 15430.82 
1.3348e-05 1.3732e-05 5.62 15436.45 
1.3345e-05 1.3730e-05 5.63 15442.08 
1.3336e-05 1.3706e-05 5.58 15447.66 
1.3332e-05 1.3699e-05 5.59 15453.25 
1.3328e-05 1.3696e-05 5.59 15458.84 
1.3325e-05 1.3694e-05 5.59 15464.42 
1.3315e-05 1.3476e-05 5.67 15470.09 
1.3314e-05 1.3476e-05 5.63 15475.72 
1.3313e-05 1.3475e-05 5.63 15481.35 
1.3310e-05 1.3474e-05 5.62 15486.97 
1.3308e-05 1.3472e-05 5.62 15492.59 
1.3287e-05 1.3516e-05 5.63 15498.23 
1.3283e-05 1.3518e-05 5.58 15503.81 
1.3280e-05 1.3517e-05 5.58 15509.38 
1.3278e-05 1.3515e-05 5.58 15514.96 
1.3275e-05 1.3513e-05 5.58 15520.54 
1.3284e-05 1.4086e-05 5.67 15526.22 
1.3279e-05 1.4046e-05 5.62 15531.84 
1.3274e-05 1.4036e-05 5.62 15537.46 
1.3271e-05 1.4030e-05 5.62 15543.08 
1.3268e-05 1.4026e-05 5.63 15548.71 
1.3325e-05 1.3413e-05 5.63 15554.34 
1.3302e-05 1.3413e-05 5.58 15559.92 
1.3299e-05 1.3410e-05 5.58 15565.50 
1.3296e-05 1.3408e-05 5.58 15571.09 
1.3294e-05 1.3406e-05 5.58 15576.67 
1.3224e-05 1.3499e-05 5.68 15582.34 
1.3230e-05 1.3503e-05 5.63 15587.97 
1.3229e-05 1.3503e-05 5.63 15593.60 
1.3227e-05 1.3501e-05 5.63 15599.22 
1.3225e-05 1.3498e-05 5.62 15604.85 
1.3254e-05 1.3437e-05 5.63 15610.48 
1.3249e-05 1.3439e-05 5.58 15616.05 
1.3245e-05 1.3438e-05 5.58 15621.63 
1.3242e-05 1.3436e-05 5.58 15627.21 
1.3239e-05 1.3433e-05 5.58 15632.79 
1.3231e-05 1.3462e-05 5.68 15638.47 
1.3227e-05 1.3463e-05 5.63 15644.10 
1.3223e-05 1.3463e-05 5.62 15649.71 
1.3221e-05 1.3462e-05 5.63 15655.34 
1.3218e-05 1.3460e-05 5.63 15660.97 
1.3209e-05 1.3368e-05 5.63 15666.60 
1.3214e-05 1.3359e-05 5.58 15672.18 
1.3210e-05 1.3354e-05 5.58 15677.75 
1.3206e-05 1.3349e-05 5.58 15683.33 
1.3203e-05 1.3346e-05 5.58 15688.91 
1.3228e-05 1.3459e-05 5.67 15694.58 
1.3218e-05 1.3459e-05 5.63 15700.21 
1.3213e-05 1.3459e-05 5.62 15705.83 
1.3211e-05 1.3458e-05 5.63 15711.46 
1.3208e-05 1.3456e-05 5.62 15717.08 
1.3203e-05 1.3351e-05 5.64 15722.72 
1.3197e-05 1.3347e-05 5.59 15728.31 
1.3196e-05 1.3343e-05 5.58 15733.88 
1.3193e-05 1.3339e-05 5.58 15739.46 
1.3190e-05 1.3335e-05 5.58 15745.04 
1.3174e-05 1.3446e-05 5.71 15750.75 
1.3178e-05 1.3446e-05 5.66 15756.41 
1.3177e-05 1.3445e-05 5.62 15762.03 
1.3175e-05 1.3444e-05 5.62 15767.65 
1.3173e-05 1.3443e-05 5.62 15773.27 
1.3146e-05 1.3606e-05 5.63 15778.90 
1.3143e-05 1.3597e-05 5.58 15784.47 
1.3141e-05 1.3591e-05 5.58 15790.05 
1.3138e-05 1.3585e-05 5.58 15795.63 
1.3135e-05 1.3580e-05 5.58 15801.21 
1.3154e-05 1.3704e-05 5.68 15806.88 
1.3144e-05 1.3683e-05 5.62 15812.50 
1.3139e-05 1.3678e-05 5.63 15818.13 
1.3136e-05 1.3677e-05 5.62 15823.75 
1.3133e-05 1.3676e-05 5.62 15829.37 
1.3181e-05 1.3562e-05 5.63 15835.01 
1.3165e-05 1.3539e-05 5.58 15840.59 
1.3162e-05 1.3529e-05 5.58 15846.17 
1.3160e-05 1.3523e-05 5.58 15851.74 
1.3158e-05 1.3519e-05 5.60 15857.34 
1.3121e-05 1.3358e-05 5.68 15863.02 
1.3125e-05 1.3356e-05 5.62 15868.64 
1.3123e-05 1.3352e-05 5.62 15874.26 
1.3120e-05 1.3349e-05 5.62 15879.89 
1.3118e-05 1.3346e-05 5.62 15885.51 
1.3098e-05 1.3397e-05 5.63 15891.14 
1.3097e-05 1.3409e-05 5.58 15896.72 
1.3096e-05 1.3415e-05 5.58 15902.29 
1.3093e-05 1.3418e-05 5.58 15907.87 
1.3091e-05 1.3418e-05 5.58 15913.45 
1.3097e-05 1.3266e-05 5.67 15919.12 
1.3086e-05 1.3265e-05 5.62 15924.74 
1.3083e-05 1.3264e-05 5.62 15930.36 
1.3080e-05 1.3262e-05 5.62 15935.98 
1.3077e-05 1.3259e-05 5.63 15941.61 
1.3051e-05 1.3435e-05 5.63 15947.25 
1.3055e-05 1.3447e-05 5.58 15952.82 
1.3054e-05 1.3453e-05 5.58 15958.40 
1.3052e-05 1.3455e-05 5.58 15963.98 
1.3050e-05 1.3457e-05 5.58 15969.56 
1.3053e-05 1.3499e-05 5.67 15975.23 
1.3045e-05 1.3502e-05 5.62 15980.85 
1.3042e-05 1.3500e-05 5.63 15986.48 
1.3039e-05 1.3497e-05 5.62 15992.10 
1.3036e-05 1.3494e-05 5.62 15997.72 
1.3061e-05 1.3497e-05 5.63 16003.34 
1.3046e-05 1.3467e-05 5.58 16008.92 
1.3040e-05 1.3456e-05 5.58 16014.50 
1.3037e-05 1.3449e-05 5.57 16020.07 
1.3034e-05 1.3443e-05 5.58 16025.65 
1.3058e-05 1.3719e-05 5.68 16031.33 
1.3056e-05 1.3704e-05 5.62 16036.95 
1.3050e-05 1.3707e-05 5.62 16042.57 
1.3047e-05 1.3712e-05 5.62 16048.19 
1.3044e-05 1.3717e-05 5.62 16053.80 
1.3039e-05 1.3499e-05 5.63 16059.44 
1.3036e-05 1.3510e-05 5.58 16065.02 
1.3033e-05 1.3517e-05 5.57 16070.59 
1.3031e-05 1.3522e-05 5.58 16076.17 
1.3028e-05 1.3526e-05 5.58 16081.74 
1.3034e-05 1.3211e-05 5.67 16087.41 
1.3032e-05 1.3213e-05 5.62 16093.04 
1.3032e-05 1.3213e-05 5.62 16098.66 
1.3030e-05 1.3212e-05 5.62 16104.28 
1.3028e-05 1.3211e-05 5.62 16109.90 
1.2982e-05 1.3190e-05 5.63 16115.53 
1.2980e-05 1.3190e-05 5.57 16121.10 
1.2979e-05 1.3188e-05 5.58 16126.68 
1.2976e-05 1.3185e-05 5.58 16132.26 
1.2974e-05 1.3182e-05 5.58 16137.84 
1.3018e-05 1.3381e-05 5.67 16143.51 
1.3008e-05 1.3364e-05 5.62 16149.13 
1.3005e-05 1.3357e-05 5.62 16154.75 
1.3002e-05 1.3352e-05 5.62 16160.37 
1.3000e-05 1.3348e-05 5.62 16165.99 
1.3065e-05 1.3332e-05 5.64 16171.63 
1.3030e-05 1.3328e-05 5.56 16177.19 
1.3026e-05 1.3327e-05 5.55 16182.75 
1.3023e-05 1.3326e-05 5.57 16188.32 
1.3020e-05 1.3325e-05 5.59 16193.91 
1.2928e-05 1.3183e-05 5.68 16199.59 
1.2935e-05 1.3190e-05 5.62 16205.21 
1.2937e-05 1.3191e-05 5.62 16210.82 
1.2935e-05 1.3189e-05 5.62 16216.44 
1.2932e-05 1.3187e-05 5.62 16222.07 
1.2974e-05 1.3105e-05 5.63 16227.70 
1.2951e-05 1.3104e-05 5.58 16233.28 
1.2946e-05 1.3102e-05 5.58 16238.86 
1.2943e-05 1.3100e-05 5.58 16244.44 
1.2940e-05 1.3097e-05 5.58 16250.01 
1.2938e-05 1.3355e-05 5.67 16255.68 
1.2940e-05 1.3362e-05 5.62 16261.31 
1.2938e-05 1.3362e-05 5.62 16266.93 
1.2935e-05 1.3359e-05 5.62 16272.55 
1.2932e-05 1.3357e-05 5.62 16278.17 
1.2927e-05 1.3157e-05 5.62 16283.79 
1.2920e-05 1.3173e-05 5.56 16289.35 
1.2919e-05 1.3176e-05 5.56 16294.90 
1.2916e-05 1.3175e-05 5.58 16300.48 
1.2914e-05 1.3174e-05 5.58 16306.06 
1.2920e-05 1.3927e-05 5.68 16311.73 
1.2922e-05 1.3870e-05 5.61 16317.35 
1.2918e-05 1.3849e-05 5.62 16322.97 
1.2915e-05 1.3838e-05 5.62 16328.59 
1.2912e-05 1.3827e-05 5.62 16334.21 
1.2884e-05 1.3150e-05 5.63 16339.84 
1.2884e-05 1.3147e-05 5.58 16345.42 
1.2883e-05 1.3143e-05 5.57 16350.99 
1.2881e-05 1.3139e-05 5.58 16356.57 
1.2878e-05 1.3136e-05 5.58 16362.15 
1.2862e-05 1.2996e-05 5.68 16367.83 
1.2870e-05 1.2994e-05 5.63 16373.45 
1.2868e-05 1.2992e-05 5.62 16379.08 
1.2865e-05 1.2991e-05 5.62 16384.70 
1.2863e-05 1.2989e-05 5.62 16390.32 
1.2884e-05 1.3127e-05 5.64 16395.95 
1.2876e-05 1.3111e-05 5.58 16401.53 
1.2871e-05 1.3106e-05 5.58 16407.11 
1.2868e-05 1.3103e-05 5.58 16412.69 
1.2866e-05 1.3100e-05 5.58 16418.27 
1.2872e-05 1.2985e-05 5.69 16423.95 
1.2865e-05 1.2980e-05 5.63 16429.58 
1.2862e-05 1.2975e-05 5.62 16435.20 
1.2859e-05 1.2971e-05 5.62 16440.82 
1.2856e-05 1.2968e-05 5.62 16446.44 
1.2865e-05 1.3157e-05 5.68 16452.12 
1.2865e-05 1.3139e-05 5.57 16457.69 
1.2861e-05 1.3131e-05 5.57 16463.26 
1.2858e-05 1.3127e-05 5.57 16468.83 
1.2855e-05 1.3123e-05 5.57 16474.40 
1.2840e-05 1.3106e-05 5.67 16480.07 
1.2841e-05 1.3106e-05 5.61 16485.68 
1.2841e-05 1.3105e-05 5.61 16491.29 
1.2838e-05 1.3103e-05 5.61 16496.90 
1.2836e-05 1.3101e-05 5.61 16502.51 
1.2827e-05 1.3214e-05 5.61 16508.12 
1.2826e-05 1.3198e-05 5.55 16513.67 
1.2823e-05 1.3192e-05 5.57 16519.23 
1.2821e-05 1.3188e-05 5.57 16524.80 
1.2818e-05 1.3183e-05 5.57 16530.37 
1.2816e-05 1.2947e-05 5.67 16536.04 
1.2814e-05 1.2945e-05 5.61 16541.66 
1.2811e-05 1.2943e-05 5.61 16547.27 
1.2809e-05 1.2941e-05 5.61 16552.88 
1.2806e-05 1.2939e-05 5.61 16558.50 
1.2816e-05 1.2905e-05 5.63 16564.12 
1.2809e-05 1.2902e-05 5.57 16569.69 
1.2806e-05 1.2899e-05 5.58 16575.27 
1.2803e-05 1.2897e-05 5.57 16580.84 
1.2801e-05 1.2894e-05 5.58 16586.42 
1.2744e-05 1.2923e-05 5.66 16592.08 
1.2751e-05 1.2924e-05 5.61 16597.69 
1.2750e-05 1.2923e-05 5.61 16603.31 
1.2748e-05 1.2922e-05 5.61 16608.92 
1.2746e-05 1.2921e-05 5.62 16614.54 
1.2796e-05 1.3160e-05 5.63 16620.17 
1.2779e-05 1.3156e-05 5.57 16625.74 
1.2774e-05 1.3152e-05 5.57 16631.31 
1.2771e-05 1.3148e-05 5.57 16636.88 
1.2768e-05 1.3144e-05 5.57 16642.45 
1.2750e-05 1.3032e-05 5.66 16648.11 
1.2753e-05 1.3032e-05 5.61 16653.73 
1.2751e-05 1.3031e-05 5.61 16659.34 
1.2749e-05 1.3032e-05 5.61 16664.95 
1.2746e-05 1.3031e-05 5.61 16670.56 
1.2765e-05 1.3075e-05 5.62 16676.18 
1.2755e-05 1.3069e-05 5.57 16681.76 
1.2752e-05 1.3064e-05 5.57 16687.32 
1.2750e-05 1.3059e-05 5.57 16692.90 
1.2747e-05 1.3055e-05 5.57 16698.47 
1.2730e-05 1.2865e-05 5.66 16704.13 
1.2722e-05 1.2863e-05 5.61 16709.74 
1.2719e-05 1.2861e-05 5.61 16715.35 
1.2717e-05 1.2858e-05 5.62 16720.97 
1.2714e-05 1.2856e-05 5.61 16726.58 
1.2716e-05 1.3076e-05 5.62 16732.21 
1.2716e-05 1.3077e-05 5.57 16737.78 
1.2715e-05 1.3073e-05 5.57 16743.35 
1.2713e-05 1.3070e-05 5.58 16748.92 
1.2711e-05 1.3066e-05 5.57 16754.49 
1.2718e-05 1.3078e-05 5.66 16760.16 
1.2711e-05 1.3088e-05 5.61 16765.77 
1.2707e-05 1.3087e-05 5.61 16771.38 
1.2704e-05 1.3084e-05 5.61 16776.99 
1.2702e-05 1.3080e-05 5.61 16782.61 
1.2694e-05 1.2851e-05 5.63 16788.23 
1.2685e-05 1.2844e-05 5.57 16793.81 
1.2684e-05 1.2838e-05 5.57 16799.38 
1.2682e-05 1.2833e-05 5.57 16804.95 
1.2680e-05 1.2828e-05 5.57 16810.52 
1.2678e-05 1.2991e-05 5.67 16816.19 
1.2684e-05 1.2992e-05 5.62 16821.81 
1.2681e-05 1.2991e-05 5.61 16827.42 
1.2679e-05 1.2988e-05 5.62 16833.04 
1.2676e-05 1.2985e-05 5.61 16838.65 
1.2686e-05 1.2939e-05 5.60 16844.25 
1.2677e-05 1.2936e-05 5.54 16849.79 
1.2675e-05 1.2934e-05 5.55 16855.34 
1.2672e-05 1.2933e-05 5.56 16860.90 
1.2670e-05 1.2932e-05 5.86 16866.76 
1.2627e-05 1.3221e-05 5.71 16872.47 
1.2631e-05 1.3193e-05 5.61 16878.08 
1.2629e-05 1.3179e-05 5.61 16883.68 
1.2627e-05 1.3170e-05 5.61 16889.29 
1.2624e-05 1.3163e-05 5.61 16894.90 
1.2664e-05 1.2822e-05 5.62 16900.52 
1.2648e-05 1.2824e-05 5.56 16906.08 
1.2645e-05 1.2824e-05 5.57 16911.65 
1.2642e-05 1.2824e-05 5.57 16917.21 
1.2640e-05 1.2823e-05 5.56 16922.77 
1.2615e-05 1.2880e-05 5.66 16928.44 
1.2614e-05 1.2877e-05 5.61 16934.04 
1.2612e-05 1.2875e-05 5.62 16939.66 
1.2610e-05 1.2872e-05 5.61 16945.26 
1.2607e-05 1.2870e-05 5.60 16950.87 
1.2641e-05 1.2825e-05 5.62 16956.49 
1.2631e-05 1.2819e-05 5.57 16962.05 
1.2628e-05 1.2816e-05 5.56 16967.62 
1.2625e-05 1.2812e-05 5.56 16973.18 
1.2622e-05 1.2809e-05 5.56 16978.74 
1.2629e-05 1.3030e-05 5.66 16984.40 
1.2624e-05 1.3009e-05 5.60 16990.01 
1.2618e-05 1.3004e-05 5.61 16995.61 
1.2615e-05 1.3001e-05 5.61 17001.22 
1.2612e-05 1.2998e-05 5.60 17006.83 
1.2582e-05 1.2817e-05 5.61 17012.44 
1.2580e-05 1.2816e-05 5.57 17018.01 
1.2579e-05 1.2814e-05 5.56 17023.57 
1.2577e-05 1.2812e-05 5.57 17029.13 
1.2575e-05 1.2809e-05 5.56 17034.70 
1.2590e-05 1.2775e-05 5.66 17040.35 
1.2589e-05 1.2774e-05 5.61 17045.96 
1.2586e-05 1.2774e-05 5.60 17051.56 
1.2584e-05 1.2774e-05 5.60 17057.17 
1.2581e-05 1.2773e-05 5.61 17062.77 
1.2534e-05 1.2762e-05 5.61 17068.39 
1.2538e-05 1.2762e-05 5.57 17073.96 
1.2537e-05 1.2762e-05 5.56 17079.52 
1.2534e-05 1.2761e-05 5.56 17085.08 
1.2532e-05 1.2759e-05 5.56 17090.64 
1.2544e-05 1.2738e-05 5.66 17096.30 
1.2539e-05 1.2732e-05 5.60 17101.90 
1.2536e-05 1.2729e-05 5.60 17107.51 
1.2534e-05 1.2726e-05 5.61 17113.11 
1.2532e-05 1.2723e-05 5.60 17118.71 
1.2538e-05 1.2727e-05 5.62 17124.33 
1.2532e-05 1.2731e-05 5.57 17129.90 
1.2529e-05 1.2732e-05 5.56 17135.46 
1.2526e-05 1.2733e-05 5.57 17141.03 
1.2524e-05 1.2732e-05 5.57 17146.59 
1.2524e-05 1.2777e-05 5.66 17152.25 
1.2522e-05 1.2767e-05 5.61 17157.86 
1.2519e-05 1.2762e-05 5.61 17163.46 
1.2516e-05 1.2760e-05 5.61 17169.07 
1.2513e-05 1.2758e-05 5.60 17174.68 
1.2493e-05 1.2795e-05 5.62 17180.30 
1.2490e-05 1.2806e-05 5.57 17185.87 
1.2489e-05 1.2809e-05 5.56 17191.43 
1.2487e-05 1.2809e-05 5.57 17197.00 
1.2485e-05 1.2808e-05 5.56 17202.56 
1.2519e-05 1.2647e-05 5.66 17208.22 
1.2510e-05 1.2643e-05 5.60 17213.82 
1.2505e-05 1.2641e-05 5.61 17219.43 
1.2502e-05 1.2640e-05 5.60 17225.03 
1.2500e-05 1.2638e-05 5.60 17230.64 
1.2485e-05 1.2838e-05 5.62 17236.26 
1.2487e-05 1.2836e-05 5.56 17241.82 
1.2485e-05 1.2834e-05 5.56 17247.38 
1.2482e-05 1.2830e-05 5.57 17252.95 
1.2480e-05 1.2827e-05 5.56 17258.51 
1.2502e-05 1.2740e-05 5.65 17264.16 
1.2491e-05 1.2736e-05 5.61 17269.77 
1.2490e-05 1.2731e-05 5.61 17275.38 
1.2488e-05 1.2727e-05 5.60 17280.98 
1.2486e-05 1.2724e-05 5.61 17286.59 
1.2449e-05 1.2876e-05 5.62 17292.21 
1.2454e-05 1.2876e-05 5.57 17297.78 
1.2452e-05 1.2873e-05 5.56 17303.35 
1.2449e-05 1.2871e-05 5.57 17308.91 
1.2447e-05 1.2871e-05 5.56 17314.48 
1.2498e-05 1.2676e-05 5.65 17320.13 
1.2471e-05 1.2671e-05 5.60 17325.73 
1.2467e-05 1.2668e-05 5.60 17331.34 
1.2464e-05 1.2666e-05 5.60 17336.94 
1.2462e-05 1.2664e-05 5.61 17342.55 
1.2451e-05 1.2708e-05 5.62 17348.16 
1.2447e-05 1.2701e-05 5.56 17353.73 
1.2445e-05 1.2698e-05 5.57 17359.29 
1.2443e-05 1.2696e-05 5.56 17364.86 
1.2441e-05 1.2693e-05 5.57 17370.42 
1.2412e-05 1.2735e-05 5.66 17376.08 
1.2421e-05 1.2730e-05 5.61 17381.68 
1.2420e-05 1.2728e-05 5.61 17387.29 
1.2417e-05 1.2726e-05 5.61 17392.90 
1.2415e-05 1.2725e-05 5.61 17398.51 
1.2418e-05 1.2726e-05 5.62 17404.13 
1.2410e-05 1.2700e-05 5.57 17409.70 
1.2407e-05 1.2689e-05 5.57 17415.26 
1.2405e-05 1.2683e-05 5.56 17420.82 
1.2402e-05 1.2679e-05 5.57 17426.39 
1.2386e-05 1.2617e-05 5.65 17432.04 
1.2384e-05 1.2620e-05 5.61 17437.65 
1.2382e-05 1.2622e-05 5.60 17443.25 
1.2379e-05 1.2623e-05 5.61 17448.86 
1.2376e-05 1.2623e-05 5.61 17454.47 
1.2395e-05 1.2664e-05 5.67 17460.14 
1.2388e-05 1.2655e-05 5.56 17465.70 
1.2385e-05 1.2649e-05 5.55 17471.25 
1.2382e-05 1.2644e-05 5.55 17476.80 
1.2380e-05 1.2640e-05 5.55 17482.36 
1.2380e-05 1.2922e-05 5.65 17488.01 
1.2372e-05 1.2920e-05 5.61 17493.61 
1.2370e-05 1.2919e-05 5.60 17499.21 
1.2368e-05 1.2916e-05 5.60 17504.82 
1.2365e-05 1.2914e-05 5.60 17510.41 
1.2382e-05 1.2562e-05 5.61 17516.02 
1.2363e-05 1.2561e-05 5.56 17521.58 
1.2362e-05 1.2559e-05 5.56 17527.13 
1.2359e-05 1.2557e-05 5.56 17532.69 
1.2357e-05 1.2555e-05 5.56 17538.25 
1.2372e-05 1.2581e-05 5.64 17543.89 
1.2368e-05 1.2582e-05 5.60 17549.49 
1.2364e-05 1.2582e-05 5.59 17555.08 
1.2361e-05 1.2581e-05 5.60 17560.68 
1.2358e-05 1.2580e-05 5.59 17566.28 
1.2372e-05 1.2483e-05 5.61 17571.89 
1.2362e-05 1.2481e-05 5.56 17577.45 
1.2359e-05 1.2479e-05 5.56 17583.00 
1.2357e-05 1.2477e-05 5.56 17588.56 
1.2354e-05 1.2475e-05 5.56 17594.12 
1.2325e-05 1.2686e-05 5.65 17599.76 
1.2330e-05 1.2679e-05 5.59 17605.36 
1.2328e-05 1.2673e-05 5.60 17610.96 
1.2326e-05 1.2668e-05 5.60 17616.56 
1.2323e-05 1.2662e-05 5.60 17622.15 
1.2331e-05 1.2508e-05 5.61 17627.77 
1.2321e-05 1.2505e-05 5.55 17633.31 
1.2318e-05 1.2502e-05 5.55 17638.86 
1.2316e-05 1.2499e-05 5.55 17644.42 
1.2313e-05 1.2496e-05 5.56 17649.97 
1.2304e-05 1.2623e-05 5.65 17655.62 
1.2311e-05 1.2621e-05 5.60 17661.22 
1.2309e-05 1.2618e-05 5.60 17666.81 
1.2307e-05 1.2615e-05 5.60 17672.41 
1.2304e-05 1.2613e-05 5.60 17678.01 
1.2296e-05 1.2517e-05 5.61 17683.62 
1.2293e-05 1.2522e-05 5.56 17689.18 
1.2291e-05 1.2523e-05 5.55 17694.73 
1.2288e-05 1.2522e-05 5.55 17700.28 
1.2286e-05 1.2521e-05 5.56 17705.84 
1.2275e-05 1.2432e-05 5.65 17711.49 
1.2277e-05 1.2434e-05 5.60 17717.09 
1.2276e-05 1.2433e-05 5.60 17722.68 
1.2274e-05 1.2431e-05 5.60 17728.28 
1.2272e-05 1.2429e-05 5.60 17733.88 
1.2260e-05 1.2431e-05 5.60 17739.48 
1.2255e-05 1.2429e-05 5.55 17745.03 
1.2252e-05 1.2427e-05 5.55 17750.57 
1.2249e-05 1.2423e-05 5.55 17756.13 
1.2247e-05 1.2420e-05 5.56 17761.69 
1.2261e-05 1.2541e-05 5.65 17767.33 
1.2261e-05 1.2547e-05 5.60 17772.93 
1.2258e-05 1.2546e-05 5.59 17778.53 
1.2255e-05 1.2544e-05 5.60 17784.13 
1.2253e-05 1.2540e-05 5.60 17789.72 
1.2275e-05 1.2376e-05 5.61 17795.33 
1.2266e-05 1.2376e-05 5.55 17800.88 
1.2261e-05 1.2375e-05 5.55 17806.44 
1.2259e-05 1.2373e-05 5.55 17811.99 
1.2256e-05 1.2371e-05 5.56 17817.54 
1.2252e-05 1.2436e-05 5.66 17823.20 
1.2255e-05 1.2436e-05 5.60 17828.80 
1.2252e-05 1.2435e-05 5.60 17834.40 
1.2250e-05 1.2433e-05 5.60 17840.00 
1.2248e-05 1.2431e-05 5.60 17845.60 
1.2213e-05 1.2689e-05 5.61 17851.21 
1.2220e-05 1.2692e-05 5.56 17856.77 
1.2218e-05 1.2690e-05 5.56 17862.33 
1.2215e-05 1.2686e-05 5.56 17867.88 
1.2212e-05 1.2683e-05 5.56 17873.44 
1.2211e-05 1.2478e-05 5.65 17879.09 
1.2205e-05 1.2468e-05 5.60 17884.69 
1.2203e-05 1.2460e-05 5.60 17890.28 
1.2201e-05 1.2455e-05 5.60 17895.88 
1.2199e-05 1.2451e-05 5.60 17901.48 
1.2221e-05 1.2541e-05 5.62 17907.10 
1.2222e-05 1.2537e-05 5.56 17912.66 
1.2217e-05 1.2534e-05 5.56 17918.22 
1.2214e-05 1.2532e-05 5.56 17923.77 
1.2211e-05 1.2530e-05 5.56 17929.33 
1.2188e-05 1.2667e-05 5.65 17934.97 
1.2180e-05 1.2667e-05 5.60 17940.57 
1.2178e-05 1.2666e-05 5.60 17946.17 
1.2175e-05 1.2665e-05 5.60 17951.77 
1.2173e-05 1.2664e-05 5.60 17957.37 
1.2177e-05 1.2626e-05 5.61 17962.98 
1.2176e-05 1.2626e-05 5.56 17968.54 
1.2174e-05 1.2630e-05 5.56 17974.09 
1.2171e-05 1.2633e-05 5.56 17979.66 
1.2169e-05 1.2635e-05 5.56 17985.22 
1.2191e-05 1.2461e-05 5.65 17990.87 
1.2188e-05 1.2459e-05 5.60 17996.46 
1.2186e-05 1.2457e-05 5.60 18002.07 
1.2185e-05 1.2455e-05 5.60 18007.66 
1.2183e-05 1.2453e-05 5.60 18013.26 
1.2156e-05 1.2498e-05 5.61 18018.88 
1.2156e-05 1.2509e-05 5.56 18024.44 
1.2155e-05 1.2512e-05 5.56 18030.00 
1.2153e-05 1.2513e-05 5.56 18035.56 
1.2151e-05 1.2513e-05 5.56 18041.12 
1.2171e-05 1.2402e-05 5.64 18046.76 
1.2152e-05 1.2389e-05 5.60 18052.36 
1.2148e-05 1.2383e-05 5.60 18057.96 
1.2146e-05 1.2380e-05 5.59 18063.55 
1.2143e-05 1.2378e-05 5.60 18069.15 
1.2142e-05 1.2514e-05 5.61 18074.76 
1.2138e-05 1.2505e-05 5.56 18080.32 
