6.0750e-03 3.8434e-03 6.00 6.00 
2.4291e-03 1.7053e-03 5.61 11.61 
2.2211e-03 1.7035e-03 5.61 17.22 
2.0001e-03 1.0064e-03 5.62 22.85 
1.7382e-03 9.8989e-04 5.61 28.46 
1.5788e-03 1.8658e-03 5.62 34.08 
1.5668e-03 1.9537e-03 5.57 39.65 
1.3912e-03 3.1211e-03 5.57 45.23 
1.3425e-03 3.0180e-03 5.57 50.79 
1.3367e-03 2.0654e-03 5.57 56.37 
1.3403e-03 1.7688e-03 5.68 62.05 
1.3281e-03 1.1398e-03 5.62 67.67 
1.3091e-03 1.0894e-03 5.61 73.28 
1.1752e-03 1.8496e-03 5.62 78.90 
1.1974e-03 1.1805e-03 5.62 84.52 
1.2920e-03 8.2886e-04 5.63 90.14 
1.2381e-03 7.8178e-04 5.57 95.71 
1.1681e-03 1.1614e-03 5.57 101.28 
1.1714e-03 1.0698e-03 5.58 106.86 
1.0639e-03 1.1456e-03 5.58 112.44 
9.7254e-04 2.1639e-03 5.67 118.10 
1.1368e-03 8.9993e-04 5.62 123.72 
9.4545e-04 9.3540e-04 5.61 129.34 
1.0131e-03 1.3828e-03 5.61 134.95 
9.4210e-04 1.9268e-03 5.61 140.57 
1.1947e-03 1.6760e-03 5.62 146.19 
9.8329e-04 9.0963e-04 5.57 151.76 
8.6886e-04 1.7351e-03 5.57 157.33 
9.2089e-04 1.0829e-03 5.57 162.90 
9.5473e-04 7.6104e-04 5.57 168.47 
9.0984e-04 1.2057e-03 5.68 174.15 
9.1147e-04 1.1065e-03 5.61 179.76 
9.2006e-04 1.1841e-03 5.62 185.38 
8.6940e-04 1.4296e-03 5.62 191.00 
8.8396e-04 7.9186e-04 5.61 196.61 
9.6891e-04 1.7220e-03 5.62 202.24 
9.5628e-04 9.4926e-04 5.57 207.81 
8.6843e-04 6.0113e-04 5.58 213.39 
8.9310e-04 1.1085e-03 5.57 218.96 
1.1235e-03 7.1698e-04 5.56 224.52 
7.8496e-04 1.0391e-03 5.66 230.18 
7.6992e-04 1.1459e-03 5.61 235.80 
7.3637e-04 1.3562e-03 5.62 241.42 
7.3203e-04 5.4106e-04 5.62 247.03 
1.0713e-03 8.2564e-04 5.61 252.65 
7.7049e-04 6.0890e-04 5.63 258.28 
7.8739e-04 7.1505e-04 5.57 263.85 
7.6820e-04 6.2991e-04 5.57 269.41 
7.9496e-04 5.5659e-04 5.57 274.98 
7.1406e-04 5.0127e-04 5.57 280.56 
8.3769e-04 1.6611e-03 5.67 286.23 
7.9118e-04 6.5066e-04 5.62 291.85 
8.1069e-04 7.3939e-04 5.62 297.46 
8.1469e-04 6.4035e-04 5.62 303.08 
7.9559e-04 1.0454e-03 5.62 308.69 
7.4500e-04 9.8371e-04 5.63 314.32 
1.2509e-03 9.9899e-04 5.57 319.90 
7.4968e-04 7.1730e-04 5.57 325.47 
8.0240e-04 9.4513e-04 5.57 331.05 
7.6200e-04 1.0568e-03 5.58 336.62 
7.7823e-04 6.7434e-04 5.67 342.29 
7.9091e-04 9.0498e-04 5.63 347.92 
9.9269e-04 9.7264e-04 5.62 353.53 
8.1808e-04 6.5479e-04 5.62 359.15 
7.4824e-04 1.0271e-03 5.61 364.77 
7.4670e-04 1.3242e-03 5.63 370.39 
7.9529e-04 1.0685e-03 5.57 375.97 
6.7956e-04 6.4333e-04 5.57 381.54 
7.6796e-04 1.4215e-03 5.57 387.11 
7.2678e-04 1.4410e-03 5.58 392.69 
6.9727e-04 5.4157e-04 5.67 398.35 
7.7760e-04 8.2768e-04 5.61 403.97 
7.5861e-04 5.4686e-04 5.61 409.58 
7.3806e-04 7.6805e-04 5.61 415.19 
7.2614e-04 4.7819e-04 5.61 420.81 
6.2489e-04 1.4581e-03 5.63 426.43 
7.0903e-04 1.6674e-03 5.57 432.01 
6.6406e-04 1.2551e-03 5.57 437.58 
1.0418e-03 5.2485e-04 5.57 443.15 
6.6955e-04 1.4491e-03 5.58 448.73 
7.0530e-04 5.2043e-04 5.67 454.39 
6.8544e-04 4.6102e-04 5.62 460.01 
1.0252e-03 5.8140e-04 5.62 465.62 
7.0480e-04 7.5069e-04 5.62 471.24 
6.7058e-04 4.4377e-04 5.62 476.86 
6.9337e-04 1.1264e-03 5.62 482.48 
6.6512e-04 1.0571e-03 5.57 488.05 
8.3433e-04 5.5962e-04 5.57 493.62 
6.5426e-04 1.0591e-03 5.57 499.19 
6.7771e-04 1.0640e-03 5.57 504.77 
6.1791e-04 2.0095e-03 5.66 510.43 
7.0058e-04 6.6091e-04 5.62 516.04 
6.0950e-04 1.0950e-03 5.62 521.66 
6.6856e-04 9.7753e-04 5.61 527.27 
6.2175e-04 1.1245e-03 5.61 532.88 
7.3334e-04 5.1480e-04 5.64 538.52 
6.0348e-04 6.3347e-04 5.58 544.10 
7.3635e-04 5.0700e-04 5.57 549.67 
6.6265e-04 8.5341e-04 5.58 555.24 
6.7893e-04 3.8755e-04 5.57 560.81 
6.3023e-04 5.6784e-04 5.67 566.49 
6.9267e-04 7.9420e-04 5.63 572.11 
6.8430e-04 5.4030e-04 5.62 577.73 
6.3034e-04 9.1939e-04 5.62 583.35 
6.4396e-04 7.5477e-04 5.62 588.97 
8.3896e-04 4.5182e-04 5.63 594.60 
5.6728e-04 4.9400e-04 5.58 600.18 
6.1289e-04 5.0901e-04 5.58 605.75 
6.5121e-04 3.7083e-04 5.57 611.33 
6.0968e-04 5.9754e-04 5.57 616.90 
6.6616e-04 6.1194e-04 5.67 622.57 
6.0876e-04 8.0978e-04 5.62 628.19 
1.1812e-03 5.9923e-04 5.62 633.81 
6.1527e-04 7.9602e-04 5.61 639.42 
6.3140e-04 4.4796e-04 5.62 645.04 
5.5070e-04 1.0788e-03 5.64 650.67 
6.0360e-04 1.7308e-03 5.57 656.24 
5.6809e-04 1.3201e-03 5.58 661.82 
1.3825e-03 6.5748e-04 5.58 667.40 
6.1592e-04 9.3432e-04 5.58 672.98 
6.2758e-04 6.6868e-04 5.67 678.64 
6.9648e-04 6.4514e-04 5.62 684.26 
6.6593e-04 6.0630e-04 5.62 689.88 
6.3592e-04 6.3630e-04 5.62 695.50 
6.4179e-04 5.9831e-04 5.62 701.11 
6.4050e-04 4.6436e-04 5.63 706.74 
6.1066e-04 8.8872e-04 5.57 712.32 
6.6005e-04 3.5482e-04 5.57 717.89 
6.3331e-04 2.9997e-04 5.58 723.47 
1.0938e-03 5.1029e-04 5.57 729.04 
6.6023e-04 4.5706e-04 5.67 734.70 
5.7148e-04 6.7989e-04 5.62 740.32 
6.5323e-04 4.8252e-04 5.62 745.94 
5.8401e-04 4.3777e-04 5.62 751.56 
5.9650e-04 3.8570e-04 5.61 757.18 
5.9321e-04 4.2583e-04 5.63 762.81 
6.1466e-04 3.6906e-04 5.57 768.38 
6.1011e-04 4.0497e-04 5.58 773.96 
5.8496e-04 5.6320e-04 5.57 779.54 
5.2430e-04 3.6849e-04 5.58 785.11 
6.2452e-04 4.0275e-04 5.67 790.79 
5.9636e-04 5.7433e-04 5.62 796.41 
5.6716e-04 6.4434e-04 5.62 802.03 
6.2877e-04 3.6855e-04 5.62 807.65 
5.8217e-04 3.5292e-04 5.62 813.27 
6.0967e-04 7.4292e-04 5.62 818.89 
5.8419e-04 3.5001e-04 5.58 824.47 
5.8392e-04 7.0850e-04 5.58 830.04 
8.4603e-04 4.7509e-04 5.57 835.62 
5.6056e-04 4.0370e-04 5.57 841.19 
5.7525e-04 6.2076e-04 5.67 846.87 
5.6696e-04 5.2490e-04 5.62 852.49 
5.5626e-04 7.3462e-04 5.61 858.10 
8.8176e-04 3.0637e-03 5.62 863.72 
6.5527e-04 7.5339e-04 5.62 869.34 
6.0341e-04 4.0285e-04 5.63 874.97 
5.6868e-04 6.4654e-04 5.57 880.54 
5.5395e-04 8.9783e-04 5.57 886.11 
5.4947e-04 4.2494e-04 5.58 891.69 
6.3757e-04 3.8085e-04 5.58 897.26 
1.0354e-03 6.5069e-04 5.67 902.93 
5.2129e-04 6.6875e-04 5.62 908.56 
5.6249e-04 1.1194e-03 5.62 914.18 
5.9615e-04 5.6129e-04 5.62 919.79 
5.8730e-04 5.6866e-04 5.62 925.41 
5.3446e-04 4.5244e-04 5.63 931.05 
5.6621e-04 3.8394e-04 5.58 936.62 
5.2543e-04 4.5855e-04 5.58 942.20 
7.2991e-04 3.3350e-04 5.57 947.77 
5.2588e-04 3.9305e-04 5.57 953.34 
5.6441e-04 5.2383e-04 5.67 959.01 
5.5524e-04 3.9697e-04 5.62 964.63 
5.6295e-04 4.7814e-04 5.62 970.24 
6.0495e-04 4.5390e-04 5.62 975.86 
5.5303e-04 4.4057e-04 5.63 981.49 
5.9829e-04 1.4408e-03 5.63 987.12 
5.4053e-04 4.2002e-04 5.58 992.70 
5.5957e-04 2.9164e-04 5.57 998.27 
5.6273e-04 5.3070e-04 5.58 1003.85 
5.6320e-04 4.1049e-04 5.57 1009.42 
5.9346e-04 8.3333e-04 5.67 1015.09 
5.6051e-04 1.2705e-03 5.62 1020.71 
5.3659e-04 5.9151e-04 5.62 1026.34 
5.6280e-04 6.8114e-04 5.62 1031.96 
5.4294e-04 1.2025e-03 5.63 1037.58 
5.3705e-04 2.8354e-04 5.63 1043.21 
5.5709e-04 3.3896e-04 5.58 1048.79 
5.3013e-04 3.6444e-04 5.58 1054.37 
5.1437e-04 5.7167e-04 5.58 1059.95 
5.6067e-04 4.8566e-04 5.58 1065.52 
5.0611e-04 1.6268e-03 5.67 1071.19 
7.3834e-04 1.6959e-03 5.62 1076.81 
5.2368e-04 1.7539e-03 5.62 1082.44 
5.1617e-04 6.1398e-04 5.62 1088.05 
5.4019e-04 1.7293e-03 5.62 1093.67 
5.3137e-04 3.8836e-04 5.62 1099.30 
4.9762e-04 5.6875e-04 5.57 1104.87 
5.7138e-04 4.0001e-04 5.58 1110.45 
5.4143e-04 5.9531e-04 5.58 1116.02 
6.0837e-04 6.0796e-04 5.57 1121.60 
5.2681e-04 5.2340e-04 5.68 1127.28 
5.2871e-04 4.5738e-04 5.62 1132.90 
5.2070e-04 4.5683e-04 5.62 1138.51 
5.2248e-04 5.3766e-04 5.62 1144.13 
7.1438e-04 4.9314e-04 5.63 1149.76 
5.2269e-04 8.0710e-04 5.64 1155.40 
4.6774e-04 5.2453e-04 5.58 1160.98 
5.1884e-04 1.0459e-03 5.58 1166.55 
5.3981e-04 7.6319e-04 5.58 1172.14 
6.6061e-04 1.0340e-02 5.57 1177.71 
8.8720e-04 4.0889e-04 5.67 1183.38 
5.4209e-04 3.7799e-04 5.62 1189.00 
5.8149e-04 4.7709e-04 5.62 1194.62 
5.6680e-04 4.1839e-04 5.62 1200.24 
5.4795e-04 3.3550e-04 5.62 1205.86 
4.9517e-04 4.4567e-04 5.63 1211.48 
5.5036e-04 5.7408e-04 5.58 1217.06 
5.1979e-04 4.4956e-04 5.57 1222.63 
4.7683e-04 5.3141e-04 5.58 1228.21 
5.1202e-04 3.9742e-04 5.57 1233.78 
5.0967e-04 4.5118e-04 5.68 1239.46 
5.8671e-04 5.2325e-04 5.61 1245.07 
5.1044e-04 3.8902e-04 5.62 1250.69 
8.6411e-04 4.7178e-04 5.62 1256.31 
5.0198e-04 5.3096e-04 5.62 1261.93 
5.0555e-04 6.7528e-04 5.64 1267.56 
5.0815e-04 7.2288e-04 5.58 1273.14 
5.2322e-04 5.3459e-04 5.58 1278.72 
5.2727e-04 4.8213e-04 5.58 1284.29 
4.8055e-04 6.8431e-04 5.57 1289.86 
5.6196e-04 4.2431e-04 5.67 1295.54 
5.3284e-04 5.3267e-04 5.62 1301.16 
5.7445e-04 3.9163e-04 5.62 1306.78 
5.1084e-04 4.3173e-04 5.61 1312.39 
5.0378e-04 4.7908e-04 5.62 1318.01 
7.9274e-04 4.6340e-04 5.64 1323.65 
5.1218e-04 3.9457e-04 5.57 1329.22 
1.9115e-04 1.6119e-04 5.57 1334.79 
1.8224e-04 1.7421e-04 5.57 1340.37 
1.9136e-04 1.8697e-04 5.58 1345.95 
1.8019e-04 1.6901e-04 5.67 1351.61 
1.7412e-04 1.5496e-04 5.62 1357.23 
1.7516e-04 1.7845e-04 5.62 1362.85 
1.6954e-04 1.4706e-04 5.62 1368.47 
1.7437e-04 1.3751e-04 5.62 1374.09 
1.7557e-04 1.6232e-04 5.63 1379.72 
1.6608e-04 1.3800e-04 5.58 1385.30 
1.5587e-04 1.2260e-04 5.58 1390.88 
1.7748e-04 1.4525e-04 5.58 1396.46 
1.5640e-04 1.3636e-04 5.58 1402.04 
1.7467e-04 3.1866e-04 5.68 1407.72 
1.7303e-04 2.8458e-04 5.62 1413.34 
1.7128e-04 1.3040e-04 5.62 1418.96 
1.6257e-04 2.7328e-04 5.63 1424.59 
1.6587e-04 3.8153e-04 5.62 1430.21 
1.7754e-04 2.2063e-04 5.63 1435.84 
1.6927e-04 1.2817e-04 5.58 1441.42 
1.6802e-04 1.6732e-04 5.58 1447.00 
1.7021e-04 1.8331e-04 5.57 1452.57 
1.5791e-04 1.5178e-04 5.58 1458.15 
1.8568e-04 2.6638e-04 5.68 1463.83 
1.6496e-04 1.5550e-04 5.63 1469.45 
1.6152e-04 1.3635e-04 5.91 1475.36 
1.6668e-04 2.1717e-04 5.71 1481.06 
1.7008e-04 1.7382e-04 5.72 1486.78 
1.6511e-04 2.2982e-04 5.65 1492.43 
1.6823e-04 2.2421e-04 5.62 1498.05 
1.6022e-04 2.8332e-04 5.64 1503.70 
1.5674e-04 1.9197e-04 5.63 1509.32 
1.6252e-04 2.4795e-04 5.62 1514.94 
1.7516e-04 1.5747e-04 5.66 1520.60 
1.6364e-04 2.3045e-04 5.61 1526.22 
1.5565e-04 1.9687e-04 5.60 1531.82 
1.5548e-04 2.0759e-04 5.62 1537.44 
1.6242e-04 1.4570e-04 5.65 1543.09 
1.4792e-04 1.2163e-04 5.68 1548.77 
1.5919e-04 9.7924e-05 5.61 1554.37 
1.5769e-04 1.0879e-04 5.64 1560.02 
1.6481e-04 1.2416e-04 5.62 1565.64 
1.6454e-04 2.1777e-04 5.57 1571.22 
1.6805e-04 1.6562e-04 5.73 1576.94 
1.5385e-04 2.2122e-04 5.63 1582.57 
1.6147e-04 1.1813e-04 5.60 1588.17 
1.7213e-04 2.1084e-04 5.61 1593.79 
1.5518e-04 1.1548e-04 5.60 1599.39 
1.7660e-04 1.8117e-04 5.62 1605.01 
1.5999e-04 1.3454e-04 5.55 1610.57 
1.6414e-04 2.2843e-04 5.56 1616.12 
1.7786e-04 2.0337e-04 5.58 1621.70 
1.6098e-04 1.9914e-04 5.57 1627.27 
1.5138e-04 1.3379e-04 5.71 1632.98 
1.5696e-04 2.0932e-04 5.60 1638.58 
1.5878e-04 2.2313e-04 5.63 1644.20 
1.6047e-04 1.2237e-04 5.60 1649.81 
1.5751e-04 2.0930e-04 5.60 1655.41 
1.7458e-04 1.8360e-04 5.64 1661.04 
1.5807e-04 2.0941e-04 5.57 1666.61 
1.7288e-04 1.5813e-04 5.56 1672.17 
1.7168e-04 1.0902e-04 5.57 1677.74 
1.5523e-04 1.7410e-04 5.59 1683.33 
1.6432e-04 1.3192e-04 5.68 1689.01 
1.4902e-04 1.3446e-04 5.60 1694.62 
1.5875e-04 1.7966e-04 5.60 1700.22 
1.5621e-04 1.1214e-04 5.60 1705.82 
1.6074e-04 1.3721e-04 5.60 1711.42 
1.5777e-04 1.3665e-04 5.61 1717.03 
1.4478e-04 1.5703e-04 5.56 1722.59 
1.5922e-04 1.9991e-04 5.57 1728.16 
1.6464e-04 1.4830e-04 5.60 1733.76 
1.6077e-04 1.7974e-04 5.65 1739.40 
1.5344e-04 1.7391e-04 5.83 1745.24 
1.4743e-04 3.8310e-04 5.66 1750.89 
1.4641e-04 1.5551e-04 5.70 1756.59 
1.5089e-04 2.0953e-04 5.66 1762.25 
1.6258e-04 2.0542e-04 5.62 1767.86 
1.6308e-04 1.7901e-04 5.63 1773.50 
1.5711e-04 1.6299e-04 5.57 1779.07 
1.4895e-04 1.3016e-04 5.58 1784.65 
1.5879e-04 1.3597e-04 5.57 1790.22 
1.5724e-04 1.5319e-04 5.56 1795.78 
1.6692e-04 1.4263e-04 5.67 1801.46 
1.6180e-04 1.2756e-04 5.61 1807.07 
1.5034e-04 1.2225e-04 5.60 1812.67 
1.5534e-04 1.3707e-04 5.61 1818.28 
1.6023e-04 1.5635e-04 5.60 1823.88 
1.6346e-04 1.1617e-04 5.63 1829.51 
1.4802e-04 2.4811e-04 5.58 1835.09 
1.6028e-04 1.5857e-04 5.57 1840.66 
6.8770e-05 6.5457e-05 5.56 1846.21 
6.6259e-05 6.1941e-05 5.55 1851.77 
6.6137e-05 6.6908e-05 5.66 1857.43 
6.5111e-05 6.5850e-05 5.60 1863.03 
6.4300e-05 9.8008e-05 5.60 1868.63 
6.7661e-05 6.3792e-05 5.60 1874.23 
6.4974e-05 6.4624e-05 5.60 1879.83 
6.6014e-05 9.0188e-05 5.61 1885.44 
6.5215e-05 8.4269e-05 5.55 1891.00 
6.5333e-05 6.7186e-05 5.55 1896.55 
6.4843e-05 7.3387e-05 5.62 1902.17 
6.4756e-05 7.2020e-05 5.60 1907.77 
6.3249e-05 6.3198e-05 5.67 1913.44 
6.4321e-05 6.3917e-05 5.66 1919.09 
6.5010e-05 5.5135e-05 5.64 1924.73 
6.5157e-05 5.5230e-05 5.61 1930.34 
6.5986e-05 5.6696e-05 5.67 1936.01 
6.2436e-05 6.3965e-05 9.68 1945.69 
6.3776e-05 6.3868e-05 31.74 1977.44 
6.2037e-05 5.9379e-05 36.18 2013.61 
6.2348e-05 6.2557e-05 36.32 2049.93 
6.1275e-05 6.1860e-05 37.50 2087.43 
6.4744e-05 6.4866e-05 38.41 2125.84 
6.6951e-05 6.2619e-05 36.78 2162.62 
6.4173e-05 8.1922e-05 37.20 2199.82 
6.0867e-05 6.3637e-05 37.21 2237.03 
6.0188e-05 6.1969e-05 37.50 2274.52 
6.0217e-05 5.2678e-05 37.73 2312.25 
5.9131e-05 5.6491e-05 36.69 2348.95 
6.2827e-05 5.0572e-05 36.20 2385.15 
5.9390e-05 5.2484e-05 37.45 2422.61 
6.2227e-05 6.2143e-05 37.32 2459.93 
6.4959e-05 6.0579e-05 38.40 2498.34 
6.3062e-05 5.2558e-05 37.97 2536.31 
6.5152e-05 5.1871e-05 37.88 2574.19 
6.2488e-05 6.7374e-05 38.84 2613.04 
6.1457e-05 7.1778e-05 38.12 2651.16 
6.2006e-05 6.2361e-05 37.40 2688.56 
6.2104e-05 6.7791e-05 37.05 2725.61 
6.0697e-05 6.4066e-05 44.39 2770.01 
6.1369e-05 6.6763e-05 39.71 2809.72 
6.0713e-05 5.6046e-05 38.59 2848.31 
6.2988e-05 7.8571e-05 38.03 2886.34 
6.1731e-05 7.4330e-05 39.04 2925.38 
6.1502e-05 7.2649e-05 39.51 2964.89 
6.1104e-05 6.5177e-05 40.51 3005.40 
6.0113e-05 7.0321e-05 40.51 3045.91 
6.2997e-05 1.2086e-04 39.76 3085.68 
6.0544e-05 5.5765e-05 39.52 3125.20 
6.0339e-05 1.0294e-04 39.46 3164.66 
6.3753e-05 1.3184e-04 39.53 3204.19 
6.0965e-05 1.0347e-04 39.55 3243.74 
6.5227e-05 5.8848e-05 40.25 3283.99 
6.6860e-05 5.4316e-05 37.90 3321.88 
6.6717e-05 6.4005e-05 45.32 3367.21 
6.6350e-05 5.8969e-05 39.55 3406.75 
6.5691e-05 6.2596e-05 38.58 3445.34 
6.0238e-05 4.9996e-05 38.38 3483.72 
6.5805e-05 4.9373e-05 38.21 3521.93 
6.2296e-05 6.5148e-05 38.35 3560.28 
6.1183e-05 5.3310e-05 38.70 3598.98 
5.9509e-05 5.0233e-05 38.35 3637.33 
6.3905e-05 1.0816e-04 40.27 3677.60 
6.3985e-05 1.3306e-04 38.98 3716.58 
6.1075e-05 1.2564e-04 38.40 3754.98 
6.2984e-05 1.2388e-04 39.54 3794.52 
6.4140e-05 1.4133e-04 41.08 3835.60 
5.7557e-05 4.9688e-05 38.49 3874.09 
5.9002e-05 6.7715e-05 37.86 3911.95 
6.1357e-05 8.4181e-05 37.76 3949.71 
6.0006e-05 6.9005e-05 38.35 3988.06 
5.8604e-05 5.3920e-05 40.48 4028.55 
6.4906e-05 7.4383e-05 41.76 4070.30 
6.4252e-05 5.7401e-05 41.52 4111.82 
5.7959e-05 5.7065e-05 41.43 4153.26 
6.2387e-05 6.8823e-05 41.64 4194.89 
6.0312e-05 5.4488e-05 41.52 4236.41 
5.8758e-05 4.9628e-05 40.76 4277.17 
6.0633e-05 5.4206e-05 41.16 4318.34 
5.9309e-05 5.6801e-05 41.39 4359.73 
6.1176e-05 5.6663e-05 37.21 4396.94 
6.0002e-05 4.8474e-05 6.08 4403.03 
6.2761e-05 6.0446e-05 6.22 4409.25 
6.0838e-05 5.9772e-05 6.02 4415.27 
6.1555e-05 5.8210e-05 6.10 4421.37 
6.2254e-05 5.7473e-05 6.14 4427.52 
6.1060e-05 5.5120e-05 6.15 4433.67 
5.7116e-05 6.1494e-05 6.19 4439.85 
6.0604e-05 5.7204e-05 6.30 4446.15 
5.7383e-05 6.6512e-05 6.14 4452.29 
5.9372e-05 7.1066e-05 6.21 4458.50 
5.9107e-05 5.3345e-05 6.22 4464.72 
6.0776e-05 5.1068e-05 6.22 4470.94 
6.0831e-05 5.0243e-05 6.08 4477.02 
5.6946e-05 5.2143e-05 6.07 4483.09 
6.1820e-05 5.3511e-05 6.04 4489.13 
6.1489e-05 5.5071e-05 6.04 4495.17 
6.2512e-05 5.3107e-05 6.06 4501.23 
6.0468e-05 5.2049e-05 6.04 4507.26 
6.2340e-05 5.3057e-05 6.04 4513.30 
6.0037e-05 5.2533e-05 6.09 4519.39 
6.1829e-05 5.5948e-05 6.11 4525.50 
6.1323e-05 4.5090e-05 6.14 4531.65 
5.9815e-05 4.4869e-05 6.05 4537.70 
6.0876e-05 5.2217e-05 6.06 4543.76 
5.8421e-05 4.9503e-05 6.05 4549.81 
5.9283e-05 5.6319e-05 6.14 4555.95 
5.9617e-05 6.9148e-05 6.09 4562.04 
6.1984e-05 6.2981e-05 6.02 4568.06 
5.7954e-05 5.0875e-05 6.02 4574.07 
5.9168e-05 6.0756e-05 6.02 4580.09 
5.8929e-05 6.6785e-05 6.01 4586.10 
5.6615e-05 5.2104e-05 6.16 4592.26 
5.7251e-05 5.6408e-05 6.13 4598.38 
5.7419e-05 5.9961e-05 6.05 4604.43 
5.8936e-05 5.5550e-05 6.05 4610.49 
5.6990e-05 5.7340e-05 6.07 4616.56 
5.8969e-05 4.4923e-05 6.08 4622.64 
5.9144e-05 4.8731e-05 6.02 4628.66 
6.0739e-05 4.8497e-05 6.01 4634.67 
6.0065e-05 5.0208e-05 6.02 4640.69 
6.2474e-05 5.0774e-05 6.04 4646.73 
6.0672e-05 5.8068e-05 6.12 4652.85 
6.1594e-05 5.7535e-05 6.10 4658.95 
6.1339e-05 5.4212e-05 6.09 4665.04 
5.9926e-05 8.4675e-05 6.11 4671.16 
5.8861e-05 5.4249e-05 6.06 4677.22 
5.6943e-05 7.9182e-05 6.10 4683.32 
5.8457e-05 6.5561e-05 6.01 4689.33 
5.7845e-05 6.1887e-05 6.01 4695.33 
5.8765e-05 5.6408e-05 6.04 4701.37 
5.8026e-05 7.5550e-05 6.09 4707.46 
6.1579e-05 6.7791e-05 6.11 4713.57 
6.0387e-05 4.5664e-05 6.06 4719.63 
5.7451e-05 5.0473e-05 6.07 4725.70 
6.1659e-05 5.9470e-05 6.07 4731.77 
6.1228e-05 4.9095e-05 6.06 4737.83 
5.5953e-05 6.2780e-05 6.09 4743.92 
5.6745e-05 6.1675e-05 6.07 4749.99 
5.7610e-05 5.6987e-05 6.06 4756.05 
5.7316e-05 5.7653e-05 6.07 4762.12 
5.5343e-05 6.0537e-05 6.01 4768.14 
5.9022e-05 5.6716e-05 6.13 4774.26 
5.7685e-05 6.0458e-05 6.17 4780.43 
5.7697e-05 6.1934e-05 6.07 4786.50 
5.8850e-05 5.1245e-05 6.11 4792.60 
5.8701e-05 5.3731e-05 6.14 4798.75 
5.7138e-05 5.0662e-05 6.19 4804.94 
5.7318e-05 4.9121e-05 6.08 4811.02 
5.9470e-05 5.6076e-05 6.07 4817.09 
5.9335e-05 4.9033e-05 6.07 4823.16 
5.9020e-05 5.2002e-05 6.13 4829.29 
5.7636e-05 5.3007e-05 6.14 4835.44 
5.7760e-05 7.6001e-05 6.13 4841.56 
5.8958e-05 4.6153e-05 6.07 4847.63 
3.2808e-05 3.5309e-05 6.04 4853.67 
3.3236e-05 3.5251e-05 6.08 4859.75 
3.3760e-05 3.5615e-05 6.10 4865.85 
3.3778e-05 3.5704e-05 6.07 4871.92 
3.3649e-05 3.5777e-05 6.02 4877.94 
3.3577e-05 3.5868e-05 5.98 4883.92 
3.3498e-05 3.5854e-05 6.01 4889.93 
3.3234e-05 4.1977e-05 6.14 4896.07 
3.3383e-05 4.1263e-05 6.05 4902.12 
3.3354e-05 4.0898e-05 6.03 4908.15 
3.3313e-05 4.0626e-05 6.09 4914.25 
3.3260e-05 4.0298e-05 6.06 4920.31 
3.3315e-05 3.8029e-05 6.09 4926.40 
3.3080e-05 3.7948e-05 6.05 4932.45 
3.2947e-05 3.7809e-05 5.98 4938.43 
3.2856e-05 3.7721e-05 5.97 4944.40 
3.2779e-05 3.7580e-05 5.97 4950.37 
3.3477e-05 3.6606e-05 6.08 4956.45 
3.3062e-05 3.6369e-05 6.02 4962.47 
3.3021e-05 3.6241e-05 6.02 4968.49 
3.2983e-05 3.6131e-05 6.07 4974.56 
3.2969e-05 3.6021e-05 6.04 4980.60 
3.3275e-05 3.4161e-05 6.12 4986.72 
3.3139e-05 3.4126e-05 6.06 4992.78 
3.3059e-05 3.4066e-05 6.13 4998.91 
3.2991e-05 3.4145e-05 6.13 5005.04 
3.2942e-05 3.3984e-05 6.04 5011.08 
3.2392e-05 3.7692e-05 6.14 5017.22 
3.2434e-05 3.7633e-05 6.07 5023.29 
3.2387e-05 3.7565e-05 6.05 5029.33 
3.2347e-05 3.7550e-05 6.02 5035.35 
3.2315e-05 3.7481e-05 6.02 5041.37 
3.2583e-05 4.4358e-05 6.03 5047.39 
3.2428e-05 4.6766e-05 6.07 5053.47 
3.2391e-05 4.8167e-05 6.00 5059.47 
3.2363e-05 4.9080e-05 6.04 5065.51 
3.2337e-05 4.9941e-05 6.06 5071.57 
3.2291e-05 3.2675e-05 6.12 5077.69 
3.2236e-05 3.2753e-05 6.10 5083.79 
3.2112e-05 3.2911e-05 6.04 5089.83 
3.2075e-05 3.3023e-05 6.03 5095.86 
3.2007e-05 3.3162e-05 6.04 5101.90 
3.2413e-05 3.5104e-05 6.05 5107.95 
3.2376e-05 3.5284e-05 5.98 5113.93 
3.2330e-05 3.5341e-05 6.07 5120.01 
3.2251e-05 3.5354e-05 5.99 5126.00 
3.2212e-05 3.5392e-05 6.06 5132.06 
3.2570e-05 3.5627e-05 6.15 5138.21 
3.2283e-05 3.5740e-05 6.04 5144.24 
3.2277e-05 3.5839e-05 6.05 5150.30 
3.2245e-05 3.5839e-05 6.09 5156.38 
3.2211e-05 3.5810e-05 6.15 5162.53 
3.2391e-05 3.8343e-05 6.08 5168.61 
3.2552e-05 4.0480e-05 5.98 5174.59 
3.2303e-05 4.0176e-05 5.97 5180.56 
3.2233e-05 4.0124e-05 5.98 5186.53 
3.2148e-05 4.0370e-05 6.00 5192.53 
3.1889e-05 3.5700e-05 6.09 5198.62 
3.1728e-05 3.5808e-05 6.05 5204.67 
3.1734e-05 3.5895e-05 6.07 5210.73 
3.1741e-05 3.6020e-05 6.15 5216.89 
3.1747e-05 3.6095e-05 6.17 5223.06 
3.2188e-05 3.8243e-05 6.09 5229.15 
3.2061e-05 3.8364e-05 6.06 5235.22 
3.1992e-05 3.8390e-05 6.07 5241.29 
3.1949e-05 3.8418e-05 6.09 5247.38 
3.1936e-05 3.8401e-05 6.09 5253.47 
3.2867e-05 3.3035e-05 6.09 5259.56 
3.2240e-05 3.2967e-05 6.07 5265.63 
3.2179e-05 3.2881e-05 6.07 5271.70 
3.2062e-05 3.2806e-05 6.04 5277.74 
3.1975e-05 3.2724e-05 6.07 5283.82 
3.2148e-05 3.3728e-05 6.12 5289.93 
3.2140e-05 3.3831e-05 6.04 5295.97 
3.2047e-05 3.3948e-05 6.09 5302.06 
3.1984e-05 3.4078e-05 6.03 5308.09 
3.1914e-05 3.4217e-05 6.09 5314.18 
3.1687e-05 3.7257e-05 6.13 5320.31 
3.1451e-05 3.7396e-05 6.06 5326.38 
3.1291e-05 3.7311e-05 6.13 5332.51 
3.1205e-05 3.7340e-05 6.07 5338.57 
3.1170e-05 3.7448e-05 6.08 5344.65 
3.2400e-05 3.8675e-05 6.13 5350.78 
3.1885e-05 3.8852e-05 6.11 5356.89 
3.1722e-05 3.8967e-05 6.03 5362.92 
3.1638e-05 3.8972e-05 6.07 5368.98 
3.1555e-05 3.8956e-05 6.20 5375.18 
3.1090e-05 3.5444e-05 6.20 5381.38 
3.0966e-05 3.5698e-05 6.04 5387.42 
2.5491e-05 3.0174e-05 6.04 5393.46 
2.5563e-05 3.0344e-05 6.17 5399.63 
2.5616e-05 3.0417e-05 6.04 5405.67 
2.5420e-05 2.9699e-05 6.08 5411.75 
2.5390e-05 2.9698e-05 6.14 5417.89 
2.5368e-05 2.9702e-05 6.20 5424.09 
2.5346e-05 2.9708e-05 6.11 5430.20 
2.5326e-05 2.9719e-05 6.23 5436.43 
2.5515e-05 2.9269e-05 6.12 5442.56 
2.5486e-05 2.9274e-05 6.11 5448.66 
2.5463e-05 2.9281e-05 6.12 5454.78 
2.5445e-05 2.9287e-05 6.11 5460.89 
2.5429e-05 2.9289e-05 6.05 5466.94 
2.5172e-05 3.0045e-05 6.08 5473.02 
2.5159e-05 3.0080e-05 6.09 5479.11 
2.5149e-05 3.0091e-05 5.99 5485.09 
2.5137e-05 3.0100e-05 6.02 5491.11 
2.5124e-05 3.0106e-05 6.14 5497.25 
2.5222e-05 2.9273e-05 6.11 5503.36 
2.5203e-05 2.9193e-05 6.03 5509.39 
2.5183e-05 2.9164e-05 6.17 5515.56 
2.5167e-05 2.9149e-05 6.16 5521.73 
2.5152e-05 2.9140e-05 6.09 5527.82 
2.5333e-05 2.9837e-05 6.10 5533.92 
2.5319e-05 2.9852e-05 6.10 5540.02 
2.5303e-05 2.9845e-05 6.08 5546.10 
2.5288e-05 2.9828e-05 6.08 5552.18 
2.5274e-05 2.9817e-05 6.10 5558.28 
2.4928e-05 2.9330e-05 6.19 5564.47 
2.4926e-05 2.9192e-05 6.13 5570.60 
2.4912e-05 2.9125e-05 6.07 5576.67 
2.4897e-05 2.9086e-05 6.09 5582.76 
2.4882e-05 2.9055e-05 6.08 5588.84 
2.5161e-05 2.9509e-05 6.12 5594.96 
2.5086e-05 2.9572e-05 6.05 5601.01 
2.5067e-05 2.9609e-05 6.05 5607.06 
2.5054e-05 2.9631e-05 5.99 5613.05 
2.5043e-05 2.9650e-05 6.06 5619.11 
2.5101e-05 2.9285e-05 6.16 5625.26 
2.5063e-05 2.9182e-05 6.12 5631.38 
2.5038e-05 2.9127e-05 6.16 5637.54 
2.5020e-05 2.9094e-05 6.09 5643.63 
2.5005e-05 2.9071e-05 6.20 5649.82 
2.5078e-05 3.1663e-05 6.12 5655.95 
2.5020e-05 3.1855e-05 6.01 5661.96 
2.5012e-05 3.1947e-05 5.99 5667.95 
2.5000e-05 3.2017e-05 6.04 5673.98 
2.4988e-05 3.2070e-05 6.12 5680.10 
2.4949e-05 2.9725e-05 6.20 5686.30 
2.4889e-05 2.9727e-05 6.12 5692.42 
2.4874e-05 2.9730e-05 6.06 5698.48 
2.4855e-05 2.9731e-05 6.04 5704.52 
2.4845e-05 2.9726e-05 6.11 5710.64 
2.5055e-05 3.0213e-05 6.13 5716.77 
2.5042e-05 3.0179e-05 6.11 5722.88 
2.5023e-05 3.0159e-05 6.09 5728.97 
2.5004e-05 3.0137e-05 6.09 5735.07 
2.4988e-05 3.0126e-05 6.05 5741.12 
2.4756e-05 2.8721e-05 6.13 5747.24 
2.4658e-05 2.8753e-05 6.07 5753.32 
2.4642e-05 2.8754e-05 6.14 5759.46 
2.4625e-05 2.8749e-05 6.10 5765.55 
2.4608e-05 2.8741e-05 6.14 5771.69 
2.4762e-05 2.9082e-05 6.08 5777.78 
2.4738e-05 2.8983e-05 6.03 5783.81 
2.4717e-05 2.8913e-05 6.04 5789.84 
2.4701e-05 2.8853e-05 6.05 5795.89 
2.4688e-05 2.8802e-05 6.02 5801.91 
2.4701e-05 3.0232e-05 6.25 5808.16 
2.4692e-05 3.0102e-05 6.07 5814.23 
2.4669e-05 3.0023e-05 6.06 5820.29 
2.4652e-05 2.9971e-05 6.09 5826.39 
2.4639e-05 2.9919e-05 6.13 5832.51 
2.4417e-05 2.8904e-05 6.15 5838.66 
2.4362e-05 2.8893e-05 6.02 5844.68 
2.4353e-05 2.8876e-05 6.06 5850.73 
2.4341e-05 2.8862e-05 6.05 5856.78 
2.4329e-05 2.8851e-05 5.98 5862.77 
2.4639e-05 2.8584e-05 6.13 5868.89 
2.4585e-05 2.8555e-05 6.12 5875.01 
2.4554e-05 2.8545e-05 6.05 5881.06 
2.4531e-05 2.8538e-05 6.05 5887.11 
2.4512e-05 2.8532e-05 6.07 5893.18 
2.4551e-05 2.9489e-05 6.18 5899.35 
2.4500e-05 2.9363e-05 6.07 5905.43 
2.4480e-05 2.9338e-05 6.07 5911.50 
2.4466e-05 2.9333e-05 6.09 5917.59 
2.4454e-05 2.9335e-05 6.04 5923.63 
2.4474e-05 2.9485e-05 6.20 5929.83 
2.4408e-05 2.9489e-05 6.10 5935.93 
2.4389e-05 2.9475e-05 6.10 5942.03 
2.4374e-05 2.9464e-05 6.07 5948.10 
2.4359e-05 2.9457e-05 6.05 5954.15 
2.4289e-05 2.9369e-05 6.07 5960.22 
2.4256e-05 2.9390e-05 6.04 5966.26 
2.4254e-05 2.9389e-05 6.04 5972.30 
2.4247e-05 2.9381e-05 6.08 5978.38 
2.4237e-05 2.9376e-05 6.08 5984.46 
2.4262e-05 2.8965e-05 6.14 5990.60 
2.4222e-05 2.8843e-05 6.13 5996.73 
2.4203e-05 2.8812e-05 6.06 6002.79 
2.4187e-05 2.8795e-05 6.09 6008.89 
2.4173e-05 2.8788e-05 6.12 6015.01 
2.4220e-05 2.8137e-05 6.10 6021.11 
2.4212e-05 2.8138e-05 6.08 6027.19 
2.4193e-05 2.8135e-05 6.09 6033.28 
2.4180e-05 2.8134e-05 6.03 6039.31 
2.4167e-05 2.8133e-05 5.99 6045.29 
2.4131e-05 3.3583e-05 6.16 6051.45 
2.4106e-05 3.3364e-05 6.13 6057.58 
2.4089e-05 3.3280e-05 6.13 6063.71 
2.4070e-05 3.3259e-05 6.07 6069.78 
2.4058e-05 3.3237e-05 6.12 6075.90 
2.4348e-05 3.0190e-05 6.14 6082.04 
2.4268e-05 3.0223e-05 6.13 6088.17 
2.4251e-05 3.0234e-05 6.11 6094.28 
2.4238e-05 3.0241e-05 6.08 6100.35 
2.4225e-05 3.0245e-05 6.10 6106.46 
2.4085e-05 2.8295e-05 6.21 6112.66 
2.4059e-05 2.8327e-05 6.17 6118.83 
2.4055e-05 2.8364e-05 6.09 6124.92 
2.4046e-05 2.8400e-05 6.11 6131.03 
2.4035e-05 2.8419e-05 6.14 6137.17 
2.3829e-05 2.7993e-05 6.08 6143.25 
2.3819e-05 2.8010e-05 6.12 6149.37 
2.3803e-05 2.8002e-05 6.08 6155.45 
2.3789e-05 2.7990e-05 6.13 6161.58 
2.3775e-05 2.7978e-05 6.05 6167.62 
2.4123e-05 2.9253e-05 6.10 6173.72 
2.4061e-05 2.9224e-05 6.08 6179.79 
2.4035e-05 2.9221e-05 6.03 6185.82 
2.4019e-05 2.9216e-05 6.04 6191.86 
2.4007e-05 2.9197e-05 6.12 6197.98 
2.3705e-05 2.7889e-05 6.15 6204.12 
2.3743e-05 2.7843e-05 6.06 6210.19 
2.3744e-05 2.7803e-05 6.05 6216.23 
2.3736e-05 2.7772e-05 6.10 6222.33 
2.3725e-05 2.7750e-05 6.08 6228.42 
2.3916e-05 2.8580e-05 6.19 6234.61 
2.3875e-05 2.8672e-05 6.07 6240.68 
2.3849e-05 2.8750e-05 6.13 6246.82 
2.3831e-05 2.8800e-05 6.11 6252.93 
2.3816e-05 2.8833e-05 6.06 6258.99 
2.3913e-05 2.7834e-05 6.09 6265.08 
2.3868e-05 2.7741e-05 6.09 6271.16 
2.3857e-05 2.7711e-05 5.98 6277.15 
2.3847e-05 2.7686e-05 6.06 6283.21 
2.3836e-05 2.7670e-05 6.03 6289.24 
2.3856e-05 2.9765e-05 6.17 6295.41 
2.3816e-05 2.9866e-05 6.15 6301.56 
2.3799e-05 2.9877e-05 6.18 6307.74 
2.3785e-05 2.9878e-05 6.10 6313.84 
2.3771e-05 2.9886e-05 6.20 6320.04 
2.3856e-05 2.9911e-05 6.17 6326.21 
2.3827e-05 2.9817e-05 6.16 6332.37 
2.3809e-05 2.9751e-05 6.08 6338.44 
2.3798e-05 2.9703e-05 6.09 6344.53 
2.3788e-05 2.9666e-05 6.07 6350.60 
2.3582e-05 2.8813e-05 6.13 6356.73 
2.3581e-05 2.8835e-05 6.10 6362.83 
2.3575e-05 2.8836e-05 6.16 6368.99 
2.3565e-05 2.8826e-05 6.07 6375.06 
2.3554e-05 2.8812e-05 6.10 6381.16 
2.3512e-05 2.8424e-05 6.05 6387.21 
2.3488e-05 2.8370e-05 6.01 6393.22 
2.3470e-05 2.8330e-05 6.00 6399.22 
2.3456e-05 2.8302e-05 6.02 6405.24 
2.3443e-05 2.8281e-05 6.01 6411.25 
2.3609e-05 2.9982e-05 6.10 6417.34 
2.3585e-05 2.9969e-05 6.09 6423.43 
2.3562e-05 3.0003e-05 6.10 6429.54 
2.3549e-05 3.0032e-05 6.08 6435.62 
2.3538e-05 3.0056e-05 6.07 6441.69 
2.3488e-05 2.9278e-05 6.08 6447.77 
2.3497e-05 2.9395e-05 6.03 6453.79 
2.3487e-05 2.9430e-05 6.00 6459.80 
2.3475e-05 2.9426e-05 6.07 6465.87 
2.3462e-05 2.9421e-05 6.02 6471.89 
2.3351e-05 2.8232e-05 6.15 6478.04 
2.3339e-05 2.8247e-05 6.16 6484.19 
2.3312e-05 2.8250e-05 6.15 6490.35 
2.3313e-05 2.8247e-05 6.08 6496.43 
2.3284e-05 2.8242e-05 6.12 6502.55 
2.3239e-05 2.8313e-05 6.15 6508.70 
2.3246e-05 2.8290e-05 6.10 6514.79 
2.3239e-05 2.8277e-05 6.05 6520.84 
2.3233e-05 2.8274e-05 6.05 6526.89 
2.3224e-05 2.8267e-05 6.03 6532.92 
2.3232e-05 2.7735e-05 6.15 6539.07 
2.3211e-05 2.7781e-05 6.11 6545.18 
2.3200e-05 2.7805e-05 6.13 6551.31 
2.3187e-05 2.7817e-05 6.12 6557.43 
2.3175e-05 2.7825e-05 6.06 6563.49 
2.3030e-05 3.0869e-05 6.06 6569.55 
2.3017e-05 3.1063e-05 6.05 6575.59 
2.3003e-05 3.1161e-05 6.04 6581.64 
2.2988e-05 3.1216e-05 6.05 6587.69 
2.2974e-05 3.1237e-05 6.03 6593.72 
2.3270e-05 2.7793e-05 6.18 6599.90 
2.1555e-05 2.6874e-05 6.12 6606.02 
2.1540e-05 2.6847e-05 6.10 6612.11 
2.1546e-05 2.6819e-05 6.08 6618.20 
2.1544e-05 2.6794e-05 6.09 6624.28 
2.1582e-05 2.6573e-05 6.12 6630.41 
2.1583e-05 2.6553e-05 6.04 6636.45 
2.1577e-05 2.6543e-05 6.11 6642.55 
2.1571e-05 2.6536e-05 6.09 6648.64 
2.1566e-05 2.6530e-05 6.10 6654.74 
2.1492e-05 2.6423e-05 6.18 6660.93 
2.1487e-05 2.6435e-05 6.11 6667.03 
2.1481e-05 2.6438e-05 6.10 6673.13 
2.1475e-05 2.6437e-05 6.08 6679.21 
2.1470e-05 2.6434e-05 6.14 6685.35 
2.1662e-05 2.6743e-05 6.11 6691.47 
2.1647e-05 2.6737e-05 6.08 6697.55 
2.1640e-05 2.6727e-05 6.11 6703.66 
2.1634e-05 2.6718e-05 6.12 6709.78 
2.1629e-05 2.6708e-05 6.05 6715.83 
2.1542e-05 2.6701e-05 6.20 6722.03 
2.1533e-05 2.6694e-05 6.06 6728.09 
2.1528e-05 2.6691e-05 6.06 6734.15 
2.1523e-05 2.6689e-05 6.17 6740.32 
2.1518e-05 2.6689e-05 6.17 6746.49 
2.1550e-05 2.6773e-05 6.17 6752.65 
2.1553e-05 2.6743e-05 6.10 6758.75 
2.1548e-05 2.6724e-05 6.10 6764.85 
2.1543e-05 2.6712e-05 6.01 6770.86 
2.1538e-05 2.6703e-05 6.04 6776.90 
2.1499e-05 2.6395e-05 6.14 6783.04 
2.1483e-05 2.6414e-05 6.07 6789.11 
2.1475e-05 2.6423e-05 6.13 6795.24 
2.1469e-05 2.6428e-05 6.10 6801.34 
2.1463e-05 2.6432e-05 6.08 6807.42 
2.1450e-05 2.6757e-05 6.14 6813.57 
2.1454e-05 2.6735e-05 6.11 6819.68 
2.1450e-05 2.6723e-05 6.14 6825.81 
2.1446e-05 2.6716e-05 6.06 6831.88 
2.1441e-05 2.6710e-05 6.05 6837.93 
2.1410e-05 2.6671e-05 6.21 6844.13 
2.1397e-05 2.6677e-05 6.16 6850.30 
2.1390e-05 2.6677e-05 6.15 6856.44 
2.1384e-05 2.6675e-05 6.23 6862.67 
2.1379e-05 2.6671e-05 6.17 6868.84 
2.1447e-05 2.6656e-05 6.10 6874.94 
2.1430e-05 2.6647e-05 6.04 6880.98 
2.1425e-05 2.6638e-05 6.03 6887.01 
2.1419e-05 2.6631e-05 6.05 6893.05 
2.1415e-05 2.6624e-05 6.06 6899.12 
2.1450e-05 2.6755e-05 6.23 6905.35 
2.1441e-05 2.6764e-05 6.10 6911.45 
2.1436e-05 2.6776e-05 6.11 6917.56 
2.1431e-05 2.6785e-05 6.20 6923.76 
2.1426e-05 2.6793e-05 6.22 6929.98 
2.1418e-05 2.6708e-05 6.14 6936.12 
2.1409e-05 2.6713e-05 6.09 6942.21 
2.1403e-05 2.6711e-05 6.05 6948.26 
2.1398e-05 2.6707e-05 5.98 6954.23 
2.1394e-05 2.6704e-05 5.97 6960.20 
2.1359e-05 2.6430e-05 6.07 6966.27 
2.1342e-05 2.6424e-05 6.02 6972.30 
2.1336e-05 2.6425e-05 6.02 6978.31 
2.1331e-05 2.6428e-05 6.01 6984.33 
2.1326e-05 2.6429e-05 6.02 6990.35 
2.1463e-05 2.6672e-05 6.04 6996.38 
2.1457e-05 2.6661e-05 5.97 7002.36 
2.1448e-05 2.6653e-05 6.02 7008.38 
2.1442e-05 2.6646e-05 6.11 7014.49 
2.1437e-05 2.6636e-05 6.03 7020.52 
2.1289e-05 2.8004e-05 6.16 7026.68 
2.1282e-05 2.8018e-05 6.14 7032.82 
2.1278e-05 2.8012e-05 6.13 7038.95 
2.1274e-05 2.8010e-05 6.10 7045.05 
2.1270e-05 2.8002e-05 6.06 7051.11 
2.1365e-05 2.6335e-05 6.03 7057.14 
2.1353e-05 2.6345e-05 5.97 7063.11 
2.1348e-05 2.6349e-05 5.98 7069.09 
2.1343e-05 2.6352e-05 5.98 7075.07 
2.1338e-05 2.6354e-05 5.98 7081.05 
2.1276e-05 2.6234e-05 6.07 7087.11 
2.1273e-05 2.6254e-05 6.02 7093.14 
2.1267e-05 2.6265e-05 6.02 7099.15 
2.1261e-05 2.6270e-05 6.02 7105.17 
2.1256e-05 2.6272e-05 6.02 7111.19 
2.1260e-05 2.6394e-05 6.03 7117.22 
2.1251e-05 2.6376e-05 5.98 7123.20 
2.1246e-05 2.6360e-05 5.98 7129.18 
2.1241e-05 2.6344e-05 5.98 7135.16 
2.1236e-05 2.6333e-05 6.02 7141.18 
2.1250e-05 2.6604e-05 6.18 7147.36 
2.1242e-05 2.6615e-05 6.14 7153.50 
2.1236e-05 2.6620e-05 6.03 7159.53 
2.1231e-05 2.6624e-05 6.10 7165.63 
2.1226e-05 2.6625e-05 6.04 7171.67 
2.1221e-05 2.6905e-05 6.04 7177.71 
2.1226e-05 2.6865e-05 5.99 7183.69 
2.1222e-05 2.6836e-05 6.00 7189.69 
2.1218e-05 2.6819e-05 5.98 7195.67 
2.1213e-05 2.6807e-05 5.99 7201.66 
2.1175e-05 2.6253e-05 6.08 7207.74 
2.1181e-05 2.6287e-05 6.03 7213.77 
2.1177e-05 2.6305e-05 6.14 7219.91 
2.1173e-05 2.6315e-05 6.15 7226.06 
2.1169e-05 2.6319e-05 6.04 7232.10 
2.1287e-05 2.6673e-05 6.15 7238.25 
2.1270e-05 2.6651e-05 6.00 7244.25 
2.1263e-05 2.6640e-05 5.99 7250.25 
2.1257e-05 2.6636e-05 6.08 7256.32 
2.1253e-05 2.6631e-05 5.98 7262.30 
2.1175e-05 2.6122e-05 6.07 7268.37 
2.1165e-05 2.6127e-05 6.03 7274.40 
2.1161e-05 2.6126e-05 6.02 7280.41 
2.1156e-05 2.6124e-05 6.02 7286.44 
2.1152e-05 2.6122e-05 6.02 7292.45 
2.1175e-05 2.6064e-05 6.03 7298.48 
2.1188e-05 2.6067e-05 5.98 7304.46 
2.1183e-05 2.6069e-05 5.98 7310.44 
2.1178e-05 2.6072e-05 6.02 7316.45 
2.1173e-05 2.6076e-05 6.01 7322.46 
2.1157e-05 2.6471e-05 6.11 7328.58 
2.1146e-05 2.6477e-05 6.02 7334.60 
2.1138e-05 2.6473e-05 6.01 7340.61 
2.1133e-05 2.6466e-05 6.01 7346.63 
2.1128e-05 2.6459e-05 6.03 7352.65 
2.1091e-05 2.5977e-05 6.04 7358.70 
2.1091e-05 2.5972e-05 5.97 7364.67 
2.1088e-05 2.5968e-05 5.98 7370.65 
2.1084e-05 2.5965e-05 5.97 7376.62 
2.1080e-05 2.5960e-05 6.06 7382.68 
2.1065e-05 2.6176e-05 6.08 7388.76 
2.1067e-05 2.6177e-05 6.02 7394.78 
2.1063e-05 2.6174e-05 6.02 7400.80 
2.1059e-05 2.6167e-05 6.02 7406.82 
2.1055e-05 2.6160e-05 6.02 7412.85 
2.1106e-05 2.5957e-05 6.03 7418.88 
2.1095e-05 2.5907e-05 5.97 7424.85 
2.1088e-05 2.5874e-05 5.98 7430.84 
2.1083e-05 2.5850e-05 5.98 7436.81 
2.1078e-05 2.5831e-05 6.01 7442.83 
2.1111e-05 2.6215e-05 6.16 7448.99 
2.1105e-05 2.6262e-05 6.08 7455.07 
2.1100e-05 2.6291e-05 6.16 7461.23 
2.1095e-05 2.6311e-05 6.09 7467.32 
2.1091e-05 2.6326e-05 6.06 7473.38 
2.1094e-05 2.6085e-05 6.12 7479.50 
2.1082e-05 2.6079e-05 6.12 7485.62 
2.1074e-05 2.6077e-05 6.13 7491.75 
2.1068e-05 2.6077e-05 6.08 7497.83 
2.1063e-05 2.6078e-05 6.09 7503.92 
2.1065e-05 2.5916e-05 6.08 7510.00 
2.1049e-05 2.5906e-05 6.08 7516.08 
2.1045e-05 2.5899e-05 6.03 7522.10 
2.1040e-05 2.5895e-05 6.02 7528.13 
2.1035e-05 2.5890e-05 6.02 7534.15 
2.1032e-05 2.5962e-05 6.03 7540.18 
2.1019e-05 2.5996e-05 6.02 7546.20 
2.1015e-05 2.6018e-05 6.04 7552.23 
2.1010e-05 2.6030e-05 6.03 7558.27 
2.1006e-05 2.6039e-05 5.99 7564.26 
2.0984e-05 2.6399e-05 6.07 7570.33 
2.0980e-05 2.6437e-05 6.02 7576.35 
2.0974e-05 2.6462e-05 6.01 7582.36 
2.0970e-05 2.6481e-05 6.02 7588.38 
2.0965e-05 2.6494e-05 6.02 7594.41 
2.1027e-05 2.5873e-05 6.03 7600.43 
2.1002e-05 2.5818e-05 6.02 7606.45 
2.0995e-05 2.5780e-05 6.08 7612.53 
2.0990e-05 2.5753e-05 6.04 7618.57 
2.0985e-05 2.5729e-05 6.07 7624.64 
2.0990e-05 2.5677e-05 6.16 7630.80 
2.0980e-05 2.5684e-05 6.05 7636.86 
2.0972e-05 2.5686e-05 6.13 7642.99 
2.0967e-05 2.5685e-05 6.13 7649.12 
2.0962e-05 2.5682e-05 6.06 7655.18 
2.1002e-05 2.5721e-05 6.10 7661.28 
2.0980e-05 2.5722e-05 5.98 7667.26 
2.0975e-05 2.5720e-05 6.05 7673.31 
2.0970e-05 2.5719e-05 6.04 7679.34 
2.0966e-05 2.5717e-05 5.98 7685.32 
2.0919e-05 2.5927e-05 6.07 7691.40 
2.0929e-05 2.5944e-05 6.02 7697.41 
2.0924e-05 2.5955e-05 6.01 7703.42 
2.0920e-05 2.5961e-05 6.03 7709.45 
2.0915e-05 2.5965e-05 6.03 7715.48 
2.0839e-05 2.5940e-05 6.03 7721.51 
2.0853e-05 2.5937e-05 5.97 7727.48 
2.0846e-05 2.5940e-05 5.98 7733.46 
2.0841e-05 2.5946e-05 5.99 7739.44 
2.0836e-05 2.5952e-05 6.00 7745.44 
2.0851e-05 2.5735e-05 6.09 7751.53 
2.0843e-05 2.5704e-05 6.02 7757.55 
2.0837e-05 2.5681e-05 6.01 7763.56 
2.0832e-05 2.5661e-05 6.02 7769.58 
2.0828e-05 2.5644e-05 6.02 7775.60 
2.0856e-05 2.5735e-05 6.03 7781.62 
2.0851e-05 2.5755e-05 6.01 7787.64 
2.0846e-05 2.5766e-05 6.02 7793.66 
2.0842e-05 2.5773e-05 6.01 7799.67 
2.0838e-05 2.5776e-05 6.03 7805.70 
2.0928e-05 2.6195e-05 6.18 7811.88 
2.0914e-05 2.6234e-05 6.10 7817.98 
2.0907e-05 2.6261e-05 6.07 7824.04 
2.0901e-05 2.6278e-05 6.14 7830.19 
2.0897e-05 2.6289e-05 6.07 7836.26 
2.0761e-05 2.6056e-05 6.15 7842.41 
2.0747e-05 2.6038e-05 6.03 7848.44 
2.0742e-05 2.6022e-05 6.04 7854.47 
2.0737e-05 2.6010e-05 5.97 7860.45 
2.0733e-05 2.5999e-05 5.97 7866.42 
2.0815e-05 2.6573e-05 6.08 7872.50 
2.0818e-05 2.6559e-05 6.02 7878.51 
2.0812e-05 2.6550e-05 6.02 7884.53 
2.0807e-05 2.6547e-05 6.02 7890.55 
2.0803e-05 2.6542e-05 6.01 7896.56 
2.0832e-05 2.5976e-05 6.03 7902.59 
2.0814e-05 2.5975e-05 5.98 7908.57 
2.0811e-05 2.5975e-05 5.97 7914.54 
2.0807e-05 2.5975e-05 5.98 7920.52 
2.0803e-05 2.5976e-05 5.98 7926.49 
2.0698e-05 2.5660e-05 6.07 7932.56 
2.0689e-05 2.5642e-05 6.01 7938.58 
2.0685e-05 2.5636e-05 6.02 7944.59 
2.0680e-05 2.5632e-05 6.02 7950.61 
2.0676e-05 2.5629e-05 6.02 7956.62 
2.0754e-05 2.5623e-05 6.03 7962.65 
2.0747e-05 2.5642e-05 5.97 7968.62 
2.0739e-05 2.5648e-05 5.97 7974.60 
2.0733e-05 2.5650e-05 5.97 7980.57 
2.0728e-05 2.5651e-05 5.98 7986.55 
2.0785e-05 2.5745e-05 6.07 7992.61 
2.0775e-05 2.5722e-05 6.01 7998.62 
2.0767e-05 2.5707e-05 6.03 8004.65 
2.0762e-05 2.5696e-05 6.02 8010.67 
2.0758e-05 2.5686e-05 6.02 8016.68 
2.0683e-05 2.5878e-05 6.03 8022.71 
2.0683e-05 2.5871e-05 5.97 8028.68 
2.0681e-05 2.5867e-05 5.98 8034.66 
2.0678e-05 2.5863e-05 5.97 8040.63 
2.0674e-05 2.5860e-05 5.97 8046.61 
2.0720e-05 2.5446e-05 6.07 8052.67 
2.0711e-05 2.5455e-05 6.02 8058.69 
2.0706e-05 2.5465e-05 6.01 8064.70 
2.0702e-05 2.5474e-05 6.02 8070.72 
2.0698e-05 2.5480e-05 6.01 8076.74 
2.0639e-05 2.6083e-05 6.03 8082.77 
2.0643e-05 2.6081e-05 5.97 8088.74 
2.0641e-05 2.6071e-05 5.98 8094.72 
2.0637e-05 2.6063e-05 5.98 8100.69 
2.0633e-05 2.6056e-05 5.97 8106.67 
2.0641e-05 2.5679e-05 6.07 8112.73 
2.0626e-05 2.5683e-05 6.01 8118.75 
2.0619e-05 2.5684e-05 6.02 8124.77 
2.0614e-05 2.5688e-05 6.05 8130.82 
2.0610e-05 2.5687e-05 6.23 8137.05 
2.0708e-05 2.5579e-05 6.26 8143.31 
2.0696e-05 2.5597e-05 6.19 8149.50 
2.0688e-05 2.5607e-05 6.22 8155.71 
2.0682e-05 2.5616e-05 6.20 8161.91 
2.0678e-05 2.5622e-05 6.19 8168.11 
2.0696e-05 2.5707e-05 6.29 8174.40 
2.0700e-05 2.5698e-05 6.23 8180.64 
2.0695e-05 2.5691e-05 6.26 8186.90 
2.0690e-05 2.5687e-05 6.17 8193.07 
2.0685e-05 2.5682e-05 6.04 8199.11 
2.0634e-05 2.5925e-05 6.05 8205.15 
2.0629e-05 2.5924e-05 6.00 8211.15 
2.0624e-05 2.5924e-05 5.99 8217.15 
2.0620e-05 2.5925e-05 6.00 8223.15 
2.0616e-05 2.5924e-05 6.00 8229.14 
2.0638e-05 2.5780e-05 6.09 8235.23 
2.0633e-05 2.5783e-05 6.04 8241.27 
2.0627e-05 2.5783e-05 6.04 8247.31 
2.0622e-05 2.5780e-05 6.04 8253.35 
2.0618e-05 2.5777e-05 6.05 8259.40 
2.0575e-05 2.5794e-05 6.05 8265.45 
2.0569e-05 2.5798e-05 5.99 8271.44 
2.0564e-05 2.5804e-05 6.00 8277.44 
2.0559e-05 2.5816e-05 6.01 8283.45 
2.0555e-05 2.5824e-05 6.00 8289.44 
2.0628e-05 2.5824e-05 6.10 8295.54 
2.0622e-05 2.5820e-05 6.04 8301.58 
2.0616e-05 2.5814e-05 6.04 8307.62 
2.0611e-05 2.5807e-05 6.04 8313.65 
2.0607e-05 2.5804e-05 6.04 8319.70 
2.0518e-05 2.5453e-05 6.04 8325.74 
2.0509e-05 2.5486e-05 6.00 8331.73 
2.0503e-05 2.5506e-05 6.00 8337.73 
2.0497e-05 2.5518e-05 6.00 8343.73 
2.0492e-05 2.5523e-05 5.99 8349.72 
2.0546e-05 2.5589e-05 6.09 8355.81 
2.0543e-05 2.5586e-05 6.08 8361.89 
