5.9327e-03 3.4637e-03 6.57 6.57 
2.6666e-03 2.4234e-03 6.16 12.73 
2.2896e-03 4.3203e-03 6.16 18.89 
2.0351e-03 1.2992e-03 6.15 25.04 
1.8545e-03 1.6112e-03 6.17 31.22 
1.5711e-03 1.5912e-03 6.20 37.42 
1.5534e-03 1.6949e-03 6.08 43.49 
1.4936e-03 2.2658e-03 6.11 49.60 
1.4732e-03 2.0034e-03 6.04 55.64 
1.3969e-03 3.1404e-03 6.13 61.77 
1.2796e-03 1.1930e-03 6.23 67.99 
1.1886e-03 9.3765e-04 6.17 74.17 
1.2636e-03 1.2226e-03 6.10 80.26 
1.2036e-03 7.0207e-04 6.08 86.34 
1.1223e-03 8.5228e-04 6.08 92.42 
1.1743e-03 1.0519e-03 6.14 98.56 
1.0953e-03 1.3379e-03 6.11 104.67 
1.0517e-03 1.4426e-03 6.12 110.79 
1.1323e-03 6.7055e-04 6.11 116.90 
9.9285e-04 1.3530e-03 6.11 123.01 
1.0445e-03 8.5943e-04 6.22 129.23 
9.5032e-04 2.7991e-03 6.17 135.40 
1.0141e-03 5.5037e-04 6.17 141.57 
1.0124e-03 2.6673e-03 6.17 147.74 
8.8408e-04 6.6193e-04 6.17 153.91 
9.0609e-04 5.9573e-04 6.16 160.07 
9.1952e-04 6.3527e-04 6.11 166.18 
9.4125e-04 8.9063e-04 6.05 172.23 
8.8755e-04 1.3460e-03 6.11 178.34 
9.7125e-04 2.0160e-03 6.13 184.47 
8.9238e-04 8.3452e-04 6.18 190.65 
9.2356e-04 7.9762e-04 6.10 196.75 
8.5150e-04 1.1215e-03 6.13 202.88 
8.0902e-04 6.9774e-04 6.11 209.00 
9.1868e-04 8.4022e-04 6.15 215.15 
8.2609e-04 1.0532e-03 6.17 221.32 
8.4199e-04 8.6060e-04 6.13 227.45 
7.6957e-04 5.4522e-04 6.11 233.56 
8.0964e-04 6.6293e-04 6.14 239.70 
8.0650e-04 7.1509e-04 6.06 245.76 
7.6397e-04 6.8307e-04 6.20 251.96 
7.8471e-04 7.6791e-04 6.16 258.12 
7.7784e-04 6.2269e-04 6.13 264.25 
7.4390e-04 1.2039e-03 6.11 270.37 
7.6976e-04 1.1492e-03 6.11 276.48 
6.6962e-04 7.3316e-04 6.09 282.57 
6.8415e-04 1.4192e-03 6.03 288.60 
6.5904e-04 1.3835e-03 6.03 294.63 
6.6856e-04 1.3465e-03 6.04 300.67 
6.8066e-04 1.1178e-03 6.07 306.74 
7.8223e-04 5.6269e-04 6.22 312.96 
8.0977e-04 5.5747e-04 6.16 319.11 
6.5346e-04 5.3912e-04 6.16 325.27 
7.4915e-04 5.9559e-04 6.12 331.40 
7.5997e-04 1.1100e-03 6.14 337.54 
6.8912e-04 9.5108e-04 6.18 343.72 
7.2218e-04 6.7119e-04 6.07 349.79 
7.1132e-04 1.0289e-03 6.06 355.84 
7.4560e-04 1.1714e-03 6.24 362.08 
6.9590e-04 9.4978e-04 6.11 368.20 
7.3589e-04 6.2515e-04 6.14 374.33 
7.1667e-04 7.1898e-04 6.08 380.41 
7.2237e-04 4.2341e-04 6.10 386.51 
6.6760e-04 1.2637e-03 6.15 392.66 
6.9076e-04 6.6312e-04 6.15 398.81 
6.5502e-04 4.8734e-04 6.11 404.92 
6.4172e-04 5.0568e-04 6.06 410.98 
6.8536e-04 4.4871e-04 6.11 417.09 
6.7690e-04 8.4050e-04 6.11 423.21 
5.9859e-04 8.9556e-04 6.10 429.30 
6.7465e-04 6.0162e-04 6.21 435.51 
6.6550e-04 9.0797e-04 6.16 441.67 
6.4098e-04 9.6380e-04 6.11 447.78 
6.4478e-04 4.9478e-04 6.16 453.94 
5.9905e-04 5.6305e-04 6.14 460.09 
6.4617e-04 4.6828e-04 6.19 466.27 
6.5853e-04 5.3249e-04 6.12 472.39 
6.4414e-04 4.4865e-04 6.04 478.43 
6.0819e-04 6.6550e-04 6.11 484.54 
6.3321e-04 7.6069e-04 6.05 490.60 
5.7893e-04 4.3689e-04 6.15 496.75 
6.4647e-04 8.0902e-04 6.15 502.90 
5.9857e-04 8.0990e-04 6.17 509.08 
6.3548e-04 6.4937e-04 6.16 515.24 
5.8682e-04 6.3340e-04 6.17 521.41 
6.1910e-04 1.1105e-03 6.18 527.59 
6.0610e-04 7.8146e-04 6.13 533.72 
6.0202e-04 8.8826e-04 6.11 539.83 
5.9408e-04 1.1921e-03 6.00 545.83 
6.0438e-04 7.4892e-04 5.98 551.81 
5.7866e-04 6.9252e-04 6.08 557.89 
5.4249e-04 3.5811e-04 6.02 563.91 
5.3995e-04 3.9741e-04 6.02 569.93 
5.7280e-04 5.1935e-04 6.02 575.95 
5.5990e-04 5.6193e-04 6.13 582.08 
6.0116e-04 7.6396e-04 6.16 588.24 
5.9518e-04 5.3801e-04 6.11 594.35 
5.6517e-04 4.2282e-04 6.13 600.48 
5.7621e-04 4.5384e-04 6.13 606.61 
6.1909e-04 5.1700e-04 6.10 612.71 
5.8247e-04 5.2192e-04 6.22 618.93 
5.5129e-04 7.4096e-04 6.17 625.10 
5.7555e-04 4.8877e-04 6.18 631.28 
5.7577e-04 3.8533e-04 6.17 637.44 
6.1586e-04 6.2704e-04 6.17 643.61 
6.4879e-04 1.7335e-03 6.18 649.79 
5.8042e-04 6.0202e-04 6.11 655.91 
5.2891e-04 9.2018e-04 6.11 662.02 
5.5152e-04 1.1757e-03 6.13 668.15 
5.9272e-04 6.4660e-04 6.14 674.29 
5.6092e-04 4.5686e-04 6.21 680.50 
5.3988e-04 3.5001e-04 6.17 686.67 
5.7449e-04 3.3175e-04 6.10 692.78 
5.3397e-04 4.2633e-04 6.14 698.92 
5.1876e-04 3.5989e-04 6.16 705.08 
5.3339e-04 4.5070e-04 6.16 711.24 
5.1099e-04 5.3233e-04 6.10 717.34 
5.3134e-04 6.7272e-04 6.09 723.43 
5.9121e-04 7.9198e-04 6.11 729.54 
5.0469e-04 6.7329e-04 6.10 735.65 
5.3630e-04 4.8744e-04 6.19 741.84 
4.8225e-04 5.0148e-04 6.03 747.87 
4.7391e-04 1.0406e-03 6.04 753.91 
5.0083e-04 8.3325e-04 6.17 760.08 
5.3382e-04 6.3781e-04 6.16 766.25 
6.3469e-04 4.9156e-04 6.17 772.42 
5.2960e-04 3.5966e-04 6.11 778.53 
5.3465e-04 5.3161e-04 6.05 784.58 
5.5558e-04 5.3647e-04 6.12 790.70 
5.3395e-04 5.1066e-04 6.13 796.83 
5.5081e-04 5.9147e-04 6.22 803.05 
5.0960e-04 4.3125e-04 6.18 809.23 
6.0938e-04 5.5825e-04 6.18 815.41 
5.1116e-04 3.2705e-04 6.17 821.57 
5.3886e-04 3.3193e-04 6.18 827.75 
5.1795e-04 4.3007e-04 6.15 833.90 
5.3271e-04 4.4672e-04 6.10 840.00 
5.0487e-04 4.0819e-04 6.13 846.13 
5.2080e-04 4.5451e-04 6.14 852.27 
5.2543e-04 4.1970e-04 6.06 858.33 
4.8095e-04 7.4118e-04 6.23 864.56 
5.4293e-04 3.7934e-04 6.17 870.73 
5.0822e-04 4.6930e-04 6.16 876.89 
5.0703e-04 7.8814e-04 6.15 883.04 
5.3651e-04 5.5221e-04 6.18 889.22 
5.1417e-04 4.8616e-04 6.11 895.33 
4.5509e-04 6.4713e-04 6.12 901.45 
4.4079e-04 4.2347e-04 6.13 907.57 
5.2383e-04 4.7926e-04 6.13 913.70 
5.1430e-04 3.7871e-04 6.11 919.81 
4.4403e-04 4.3909e-04 6.19 925.99 
5.0120e-04 4.7564e-04 6.16 932.16 
5.3372e-04 8.2234e-04 6.17 938.33 
5.0293e-04 5.2048e-04 6.16 944.48 
5.0574e-04 4.2202e-04 6.16 950.65 
5.2462e-04 3.9738e-04 6.18 956.83 
5.1748e-04 3.8570e-04 6.07 962.90 
4.9946e-04 8.3348e-04 6.07 968.97 
5.1859e-04 4.3114e-04 6.07 975.04 
4.8326e-04 3.4236e-04 6.13 981.17 
5.3448e-04 3.4028e-04 6.21 987.37 
4.9187e-04 4.0101e-04 6.12 993.50 
5.2179e-04 5.4319e-04 6.17 999.67 
4.9931e-04 3.8707e-04 6.17 1005.84 
4.9947e-04 3.9401e-04 6.17 1012.01 
4.3710e-04 4.0643e-04 6.18 1018.19 
4.8612e-04 4.5601e-04 6.13 1024.32 
5.0059e-04 5.0871e-04 6.09 1030.41 
4.6597e-04 4.0756e-04 6.05 1036.46 
4.8907e-04 3.1583e-04 6.09 1042.55 
5.3096e-04 5.2671e-04 6.23 1048.79 
4.9102e-04 3.4524e-04 6.18 1054.96 
5.3493e-04 3.1050e-04 6.15 1061.11 
4.6110e-04 2.9389e-04 6.16 1067.27 
4.7586e-04 3.4623e-04 6.14 1073.41 
5.4674e-04 5.7133e-04 6.15 1079.56 
5.0933e-04 6.1334e-04 6.10 1085.66 
5.8159e-04 6.2950e-04 6.12 1091.78 
5.2712e-04 5.0498e-04 6.12 1097.90 
5.1757e-04 6.5176e-04 6.08 1103.98 
5.4009e-04 4.3025e-04 6.19 1110.17 
5.0475e-04 4.2043e-04 6.08 1116.24 
5.2648e-04 6.5802e-04 6.09 1122.33 
4.7818e-04 7.6535e-04 6.16 1128.50 
4.8016e-04 5.8830e-04 6.14 1134.64 
4.9889e-04 8.1804e-04 6.17 1140.80 
5.2001e-04 4.4755e-04 6.08 1146.89 
4.8879e-04 9.4276e-04 6.10 1152.99 
4.6604e-04 9.8771e-04 6.11 1159.10 
4.8461e-04 5.1865e-04 6.05 1165.15 
4.9952e-04 3.3805e-04 6.20 1171.34 
4.9587e-04 4.8495e-04 6.15 1177.49 
4.7249e-04 2.7296e-04 6.17 1183.66 
4.5924e-04 3.5201e-04 6.17 1189.84 
4.8330e-04 5.3160e-04 6.17 1196.00 
4.7012e-04 3.6242e-04 6.19 1202.20 
4.4168e-04 4.1838e-04 6.10 1208.30 
4.6619e-04 2.8083e-04 6.10 1214.40 
4.5975e-04 3.4261e-04 6.05 1220.45 
4.3851e-04 3.2036e-04 6.10 1226.55 
4.5275e-04 9.0137e-04 6.19 1232.73 
4.4283e-04 4.0590e-04 6.10 1238.84 
5.6450e-04 6.9765e-04 6.17 1245.01 
4.5583e-04 1.0357e-03 6.17 1251.19 
4.7295e-04 9.5522e-04 6.16 1257.35 
4.6164e-04 5.4294e-04 6.17 1263.52 
5.0442e-04 5.4917e-04 6.12 1269.64 
4.4856e-04 2.9044e-04 6.08 1275.73 
4.8383e-04 5.0729e-04 6.10 1281.83 
4.8045e-04 3.6943e-04 6.05 1287.88 
4.4853e-04 4.7138e-04 6.18 1294.06 
4.6887e-04 3.6297e-04 6.17 1300.23 
4.5507e-04 3.7761e-04 6.16 1306.40 
4.6651e-04 2.1948e-04 6.15 1312.54 
4.9267e-04 4.0739e-04 6.17 1318.71 
4.6033e-04 4.0472e-04 6.16 1324.87 
4.7162e-04 4.3833e-04 6.10 1330.97 
4.6616e-04 6.0884e-04 6.12 1337.09 
4.8991e-04 7.9457e-04 6.08 1343.17 
4.6528e-04 4.5370e-04 6.12 1349.30 
4.6123e-04 8.4264e-04 6.22 1355.51 
5.0068e-04 6.8995e-04 6.14 1361.66 
4.7318e-04 4.8236e-04 6.07 1367.73 
4.3030e-04 6.7381e-04 6.08 1373.81 
4.7426e-04 3.9912e-04 6.17 1379.98 
4.4099e-04 5.4891e-04 6.19 1386.17 
4.6735e-04 3.8152e-04 6.13 1392.30 
4.6317e-04 6.3713e-04 6.13 1398.43 
4.7862e-04 4.2281e-04 6.11 1404.54 
4.7888e-04 5.4229e-04 6.11 1410.65 
4.9120e-04 9.5183e-04 6.20 1416.84 
4.3790e-04 3.8468e-04 6.06 1422.91 
4.6051e-04 3.6735e-04 6.02 1428.93 
4.8613e-04 4.2036e-04 6.15 1435.08 
4.9625e-04 4.2354e-04 6.17 1441.25 
4.3659e-04 5.8692e-04 6.14 1447.39 
4.3983e-04 6.4142e-04 6.10 1453.50 
4.8855e-04 5.2730e-04 6.08 1459.58 
4.6969e-04 3.5236e-04 6.12 1465.70 
4.8643e-04 3.2481e-04 6.08 1471.78 
4.5041e-04 6.6120e-04 6.23 1478.01 
4.1423e-04 9.4503e-04 6.14 1484.14 
4.7805e-04 4.9637e-04 6.14 1490.29 
4.2159e-04 3.6544e-04 6.12 1496.40 
4.3438e-04 5.0543e-04 6.16 1502.56 
4.3499e-04 4.5499e-04 6.17 1508.73 
4.2991e-04 4.6950e-04 6.10 1514.83 
4.6968e-04 7.5568e-04 6.11 1520.95 
4.3475e-04 5.3850e-04 6.05 1527.00 
4.3101e-04 3.1688e-04 6.06 1533.06 
4.5234e-04 4.6232e-04 6.14 1539.20 
4.5797e-04 5.5341e-04 6.17 1545.36 
4.5644e-04 7.0296e-04 6.13 1551.49 
4.4506e-04 7.2651e-04 6.17 1557.66 
4.7156e-04 2.3374e-04 6.12 1563.79 
4.3183e-04 3.4559e-04 6.18 1569.96 
4.3220e-04 5.3379e-04 6.12 1576.09 
4.5331e-04 3.4903e-04 6.12 1582.21 
4.4771e-04 4.2228e-04 6.13 1588.34 
4.5706e-04 9.0474e-04 6.13 1594.47 
4.2721e-04 4.3492e-04 6.17 1600.64 
4.5158e-04 4.4638e-04 6.17 1606.81 
4.5598e-04 3.2135e-04 6.13 1612.94 
4.4580e-04 4.6277e-04 6.15 1619.09 
4.5216e-04 3.4079e-04 6.09 1625.18 
1.6651e-04 1.6602e-04 6.14 1631.32 
1.5843e-04 2.1762e-04 6.13 1637.45 
1.6180e-04 1.9931e-04 6.13 1643.59 
1.6677e-04 2.0883e-04 6.12 1649.71 
1.5535e-04 1.5636e-04 6.07 1655.78 
1.5913e-04 2.0743e-04 6.15 1661.92 
1.5797e-04 2.2249e-04 6.15 1668.07 
1.5968e-04 2.0901e-04 6.15 1674.22 
1.5279e-04 2.2559e-04 6.14 1680.36 
1.5809e-04 2.3179e-04 6.16 1686.52 
1.6353e-04 1.8127e-04 6.18 1692.70 
1.5566e-04 1.1293e-04 6.11 1698.81 
1.5848e-04 1.2279e-04 6.12 1704.92 
1.4793e-04 1.2014e-04 6.10 1711.03 
1.5060e-04 1.8590e-04 6.10 1717.13 
1.5473e-04 1.5058e-04 6.23 1723.35 
1.4366e-04 1.4190e-04 6.12 1729.47 
1.5316e-04 2.0680e-04 6.15 1735.62 
1.3811e-04 1.3723e-04 6.17 1741.79 
1.4913e-04 1.2888e-04 6.12 1747.91 
1.5388e-04 2.0581e-04 6.13 1754.04 
1.5186e-04 1.9521e-04 6.07 1760.11 
1.5557e-04 1.3818e-04 6.13 1766.23 
1.4753e-04 1.6802e-04 6.13 1772.36 
1.4726e-04 1.5445e-04 6.10 1778.47 
1.6381e-04 1.5121e-04 6.17 1784.63 
1.4944e-04 1.0397e-04 6.16 1790.79 
1.5502e-04 1.2097e-04 6.17 1796.96 
1.5900e-04 2.3753e-04 6.17 1803.13 
1.4761e-04 1.2364e-04 6.17 1809.31 
1.5758e-04 1.6819e-04 6.18 1815.49 
1.4266e-04 1.4098e-04 6.13 1821.62 
1.4378e-04 1.9037e-04 6.10 1827.72 
1.5500e-04 1.5024e-04 6.13 1833.85 
1.4195e-04 1.8363e-04 6.13 1839.97 
1.5159e-04 1.3884e-04 6.24 1846.21 
1.3928e-04 1.2768e-04 6.17 1852.38 
1.5647e-04 1.1044e-04 6.16 1858.54 
1.4321e-04 1.5437e-04 6.17 1864.72 
1.4651e-04 1.8010e-04 6.17 1870.88 
1.5692e-04 1.2672e-04 6.14 1877.02 
1.5597e-04 1.4609e-04 6.08 1883.10 
1.5093e-04 1.2618e-04 6.10 1889.20 
1.5685e-04 1.4208e-04 6.12 1895.32 
1.4603e-04 1.3701e-04 6.09 1901.41 
1.4735e-04 1.1854e-04 6.20 1907.61 
1.3958e-04 1.2709e-04 6.16 1913.77 
1.4401e-04 1.5414e-04 6.16 1919.93 
1.3976e-04 1.4846e-04 6.17 1926.09 
1.4417e-04 1.5750e-04 6.10 1932.19 
1.4814e-04 1.1786e-04 6.09 1938.28 
1.5695e-04 1.0080e-04 6.09 1944.38 
1.6216e-04 2.2154e-04 6.12 1950.50 
1.5544e-04 1.2820e-04 6.09 1956.59 
1.5217e-04 1.1527e-04 6.12 1962.71 
1.4514e-04 2.0095e-04 6.21 1968.92 
1.4093e-04 2.9896e-04 6.16 1975.08 
1.4325e-04 2.1469e-04 6.13 1981.21 
1.5290e-04 1.8233e-04 6.13 1987.34 
1.4259e-04 1.4957e-04 6.10 1993.43 
1.5236e-04 2.8495e-04 6.15 1999.59 
1.4948e-04 1.5740e-04 6.13 2005.71 
1.4566e-04 1.7805e-04 6.12 2011.84 
1.4836e-04 1.9857e-04 6.07 2017.90 
1.5245e-04 2.3380e-04 6.03 2023.94 
1.4183e-04 2.9776e-04 6.23 2030.17 
1.4031e-04 1.4910e-04 6.17 2036.33 
1.4972e-04 1.4771e-04 6.17 2042.50 
1.4617e-04 1.7154e-04 6.13 2048.63 
1.4417e-04 1.4004e-04 6.10 2054.73 
1.5367e-04 1.8103e-04 6.15 2060.89 
1.4934e-04 1.6361e-04 6.10 2066.99 
1.5211e-04 1.3519e-04 6.08 2073.07 
1.4775e-04 1.5543e-04 6.06 2079.13 
1.4014e-04 1.4822e-04 6.10 2085.23 
1.4954e-04 1.5888e-04 6.18 2091.41 
1.3473e-04 2.7396e-04 6.08 2097.49 
1.4845e-04 2.0477e-04 6.16 2103.65 
1.3431e-04 2.1204e-04 6.16 2109.81 
1.3798e-04 1.7449e-04 6.15 2115.96 
1.3470e-04 2.0782e-04 6.12 2122.08 
1.5004e-04 1.4459e-04 6.04 2128.12 
1.4514e-04 1.3548e-04 6.03 2134.16 
1.4718e-04 2.3524e-04 6.03 2140.19 
1.3880e-04 1.9238e-04 6.08 2146.27 
1.5803e-04 1.4450e-04 6.19 2152.46 
1.5100e-04 1.3566e-04 6.14 2158.60 
1.4429e-04 1.0702e-04 6.08 2164.68 
1.3937e-04 1.3556e-04 6.10 2170.78 
1.4787e-04 1.1158e-04 6.13 2176.91 
1.2634e-04 1.1211e-04 6.14 2183.05 
1.4259e-04 1.0405e-04 6.09 2189.14 
1.3504e-04 1.1833e-04 6.08 2195.22 
1.3593e-04 1.3674e-04 6.09 2201.31 
1.3992e-04 1.4181e-04 6.10 2207.40 
1.5738e-04 1.8953e-04 6.20 2213.60 
1.4306e-04 1.8900e-04 6.15 2219.75 
1.4147e-04 1.4690e-04 6.16 2225.91 
1.3992e-04 1.5017e-04 6.17 2232.08 
1.3858e-04 1.2369e-04 6.13 2238.22 
1.5579e-04 1.2134e-04 6.14 2244.36 
1.4098e-04 1.6061e-04 6.03 2250.39 
1.5469e-04 1.4673e-04 6.12 2256.51 
6.6984e-05 6.5577e-05 6.06 2262.57 
6.4029e-05 6.3962e-05 6.05 2268.62 
6.3909e-05 6.2956e-05 6.18 2274.80 
6.3780e-05 5.8415e-05 6.17 2280.97 
6.3581e-05 5.8624e-05 6.14 2287.11 
6.2649e-05 5.8159e-05 6.14 2293.24 
6.1926e-05 5.7616e-05 6.15 2299.39 
6.2104e-05 7.7622e-05 6.14 2305.54 
6.2418e-05 7.9490e-05 6.12 2311.66 
6.1466e-05 7.1762e-05 6.06 2317.72 
5.9074e-05 7.4482e-05 6.10 2323.81 
6.1462e-05 7.3320e-05 6.13 2329.94 
6.2914e-05 6.9528e-05 6.21 2336.15 
6.0510e-05 7.8887e-05 6.15 2342.31 
6.0719e-05 8.9513e-05 6.11 2348.41 
6.0215e-05 9.8476e-05 6.15 2354.56 
6.1937e-05 8.4984e-05 6.17 2360.73 
5.9687e-05 5.7479e-05 6.16 2366.89 
5.7369e-05 5.9727e-05 6.11 2373.00 
5.7738e-05 5.7897e-05 6.12 2379.12 
5.7931e-05 6.2950e-05 6.12 2385.24 
5.6815e-05 6.1030e-05 6.10 2391.34 
6.0786e-05 7.1231e-05 6.18 2397.52 
6.0178e-05 6.8871e-05 6.08 2403.60 
5.8946e-05 6.7293e-05 6.13 2409.73 
5.9890e-05 7.4442e-05 6.11 2415.84 
6.0046e-05 6.9325e-05 6.13 2421.97 
5.9565e-05 6.2305e-05 6.18 2428.16 
5.9289e-05 4.9932e-05 6.11 2434.27 
5.9641e-05 5.0602e-05 6.12 2440.39 
5.7421e-05 5.0018e-05 6.11 2446.50 
5.5616e-05 5.0564e-05 6.13 2452.63 
5.5508e-05 4.9469e-05 6.20 2458.83 
5.6616e-05 5.4429e-05 6.13 2464.96 
5.5372e-05 5.0030e-05 6.15 2471.11 
5.5042e-05 5.1450e-05 6.12 2477.22 
5.5275e-05 5.6810e-05 6.22 2483.45 
5.7878e-05 7.9848e-05 6.29 2489.74 
5.9162e-05 8.1301e-05 6.19 2495.93 
6.0298e-05 7.1559e-05 6.17 2502.10 
5.9644e-05 7.3617e-05 6.16 2508.26 
5.6591e-05 7.8174e-05 6.19 2514.45 
5.9382e-05 5.7548e-05 6.38 2520.83 
5.9783e-05 5.0545e-05 6.26 2527.09 
6.1251e-05 6.1504e-05 6.28 2533.37 
5.9694e-05 4.5867e-05 6.20 2539.57 
5.9109e-05 6.2844e-05 6.18 2545.75 
5.4753e-05 5.0497e-05 6.18 2551.93 
5.5930e-05 4.8997e-05 6.13 2558.07 
5.3312e-05 5.0539e-05 6.13 2564.20 
5.5378e-05 5.0629e-05 6.11 2570.31 
5.5987e-05 5.1721e-05 6.10 2576.41 
6.0247e-05 6.8953e-05 6.23 2582.64 
5.9509e-05 9.1660e-05 6.08 2588.72 
5.9814e-05 6.4409e-05 6.10 2594.82 
5.6308e-05 7.1360e-05 6.15 2600.97 
5.7374e-05 7.6577e-05 6.16 2607.13 
5.5032e-05 5.9104e-05 6.12 2613.25 
5.5168e-05 5.0800e-05 6.10 2619.35 
5.4873e-05 4.7729e-05 6.11 2625.46 
5.3859e-05 4.9933e-05 6.13 2631.59 
5.3446e-05 6.2987e-05 6.10 2637.69 
5.7239e-05 1.0474e-04 6.22 2643.91 
5.4375e-05 8.9195e-05 6.17 2650.08 
5.5916e-05 5.7014e-05 6.16 2656.24 
5.4290e-05 9.1166e-05 6.17 2662.42 
5.6148e-05 7.4084e-05 6.12 2668.53 
5.7210e-05 6.6532e-05 6.11 2674.64 
5.5412e-05 7.3357e-05 5.98 2680.62 
5.5967e-05 5.7153e-05 5.98 2686.60 
5.8563e-05 6.7378e-05 5.98 2692.59 
5.6679e-05 6.0606e-05 5.98 2698.57 
5.9328e-05 9.6839e-05 6.09 2704.65 
5.5454e-05 8.0221e-05 6.02 2710.67 
5.6765e-05 6.1356e-05 6.03 2716.70 
5.3967e-05 5.6358e-05 6.02 2722.72 
5.4491e-05 5.9110e-05 6.02 2728.75 
5.5612e-05 5.6994e-05 6.03 2734.78 
5.4479e-05 6.9073e-05 5.98 2740.76 
5.7884e-05 8.6099e-05 5.99 2746.74 
5.6511e-05 5.8617e-05 5.98 2752.73 
5.5812e-05 5.4543e-05 5.98 2758.70 
5.8116e-05 7.0344e-05 6.08 2764.78 
5.6725e-05 6.6161e-05 6.02 2770.80 
5.6596e-05 6.2447e-05 6.02 2776.82 
5.6305e-05 5.3332e-05 6.02 2782.84 
5.8844e-05 5.6656e-05 6.03 2788.87 
5.7973e-05 7.5354e-05 6.03 2794.90 
5.5530e-05 5.8384e-05 5.98 2800.88 
5.6047e-05 5.1464e-05 5.99 2806.86 
5.4240e-05 5.9464e-05 5.98 2812.84 
5.6463e-05 5.8634e-05 5.98 2818.82 
5.2041e-05 5.6879e-05 6.07 2824.90 
5.3511e-05 5.6180e-05 6.14 2831.03 
5.4624e-05 5.1424e-05 6.18 2837.21 
5.7239e-05 4.6124e-05 6.17 2843.38 
5.2848e-05 4.8990e-05 6.15 2849.53 
3.2298e-05 3.9620e-05 6.18 2855.71 
3.1794e-05 3.8465e-05 6.12 2861.84 
3.1685e-05 3.8263e-05 6.12 2867.96 
3.1483e-05 3.8217e-05 6.13 2874.09 
3.1290e-05 3.8100e-05 6.12 2880.21 
3.1763e-05 3.5595e-05 6.20 2886.41 
3.1375e-05 3.5735e-05 6.15 2892.57 
3.1187e-05 3.5512e-05 6.14 2898.71 
3.0964e-05 3.5300e-05 6.17 2904.88 
3.0765e-05 3.4955e-05 6.13 2911.02 
3.0193e-05 5.0691e-05 6.09 2917.11 
3.0207e-05 5.4413e-05 6.03 2923.14 
3.0019e-05 5.7133e-05 6.09 2929.24 
2.9989e-05 6.0803e-05 6.10 2935.34 
2.9936e-05 6.1229e-05 6.11 2941.45 
3.1176e-05 3.5498e-05 6.23 2947.68 
3.0292e-05 3.5683e-05 6.18 2953.86 
3.0238e-05 3.5833e-05 6.17 2960.03 
3.0112e-05 3.5774e-05 6.16 2966.19 
3.0043e-05 3.6511e-05 6.16 2972.35 
3.0042e-05 3.4864e-05 6.15 2978.50 
2.9429e-05 3.4801e-05 6.05 2984.55 
2.9117e-05 3.4621e-05 6.03 2990.58 
2.9227e-05 3.4701e-05 6.08 2996.66 
2.9078e-05 3.4585e-05 6.11 3002.78 
3.0686e-05 3.5016e-05 6.21 3008.98 
2.9838e-05 3.5236e-05 6.16 3015.15 
2.9430e-05 3.5233e-05 6.16 3021.31 
2.8863e-05 3.4899e-05 6.15 3027.46 
2.9125e-05 3.4828e-05 6.15 3033.60 
2.8631e-05 3.3518e-05 6.13 3039.73 
2.8439e-05 3.3525e-05 6.05 3045.78 
2.8218e-05 3.3946e-05 6.07 3051.85 
2.8117e-05 3.4235e-05 6.04 3057.89 
2.8282e-05 3.3806e-05 6.07 3063.96 
2.9543e-05 3.1891e-05 6.22 3070.18 
2.9079e-05 3.1931e-05 6.18 3076.36 
2.8990e-05 3.2231e-05 6.17 3082.53 
2.9015e-05 3.2706e-05 6.17 3088.70 
2.9102e-05 3.1955e-05 6.18 3094.87 
2.8652e-05 3.6906e-05 6.20 3101.07 
2.8072e-05 3.8782e-05 6.13 3107.20 
2.8248e-05 3.7267e-05 6.14 3113.34 
2.8087e-05 3.7116e-05 6.13 3119.47 
2.8458e-05 4.1005e-05 6.12 3125.59 
2.7907e-05 3.0442e-05 6.24 3131.83 
2.7569e-05 3.0408e-05 6.17 3138.00 
2.7495e-05 3.0464e-05 6.15 3144.15 
2.7420e-05 3.0543e-05 6.14 3150.28 
2.7378e-05 3.0632e-05 6.18 3156.46 
2.7525e-05 3.2377e-05 6.11 3162.57 
2.7411e-05 3.3126e-05 6.13 3168.70 
2.7655e-05 3.3582e-05 6.10 3174.80 
2.7417e-05 3.2934e-05 6.11 3180.91 
2.7334e-05 3.2482e-05 6.07 3186.98 
2.8631e-05 3.1816e-05 6.18 3193.16 
2.8274e-05 3.2695e-05 6.09 3199.25 
2.7898e-05 3.2696e-05 6.13 3205.38 
2.7921e-05 3.3717e-05 6.08 3211.46 
2.7798e-05 3.3365e-05 6.07 3217.53 
2.7837e-05 3.6509e-05 6.14 3223.68 
2.7341e-05 3.5015e-05 6.07 3229.74 
2.7370e-05 3.3416e-05 6.08 3235.83 
2.7750e-05 3.4722e-05 6.12 3241.94 
2.7369e-05 3.3982e-05 6.07 3248.01 
2.7482e-05 3.2776e-05 6.14 3254.15 
2.6962e-05 3.3480e-05 6.14 3260.29 
2.6794e-05 3.2060e-05 6.12 3266.41 
2.6975e-05 3.4895e-05 6.16 3272.57 
2.6747e-05 3.3933e-05 6.08 3278.65 
2.7354e-05 3.0317e-05 6.09 3284.74 
2.6925e-05 3.0697e-05 6.04 3290.78 
2.6899e-05 3.1878e-05 6.03 3296.81 
2.6762e-05 3.0826e-05 6.03 3302.85 
2.6619e-05 3.0938e-05 6.04 3308.88 
2.7211e-05 3.0514e-05 6.12 3315.01 
2.7023e-05 3.3561e-05 6.08 3321.08 
2.6961e-05 3.6178e-05 6.16 3327.25 
2.6909e-05 3.1193e-05 6.14 3333.39 
2.6749e-05 3.6339e-05 6.14 3339.53 
2.7158e-05 3.4796e-05 6.15 3345.68 
2.6518e-05 3.4722e-05 6.11 3351.79 
2.6323e-05 3.4380e-05 6.12 3357.91 
2.6195e-05 3.4463e-05 6.09 3364.01 
2.6073e-05 3.4456e-05 6.11 3370.12 
2.6941e-05 3.2385e-05 6.23 3376.35 
2.6262e-05 3.2790e-05 6.12 3382.47 
2.6429e-05 3.3576e-05 6.14 3388.61 
2.6431e-05 3.3705e-05 6.17 3394.78 
2.6499e-05 3.3612e-05 6.11 3400.89 
2.7071e-05 3.1667e-05 6.17 3407.07 
2.6533e-05 3.1651e-05 6.09 3413.16 
2.6340e-05 3.2109e-05 6.10 3419.26 
2.6471e-05 3.1777e-05 6.10 3425.36 
2.6014e-05 3.2667e-05 6.11 3431.47 
2.5952e-05 3.0613e-05 6.22 3437.69 
2.5499e-05 3.1095e-05 6.15 3443.84 
2.5544e-05 3.1048e-05 6.15 3449.99 
2.5651e-05 3.1415e-05 6.16 3456.14 
2.5531e-05 3.1126e-05 6.13 3462.27 
2.5815e-05 3.0176e-05 6.19 3468.47 
2.6374e-05 2.9255e-05 6.07 3474.54 
2.5797e-05 3.0697e-05 6.13 3480.67 
2.6104e-05 3.2661e-05 6.12 3486.78 
2.6253e-05 3.0311e-05 6.09 3492.87 
2.6245e-05 3.4848e-05 6.16 3499.03 
2.6267e-05 3.3845e-05 6.18 3505.20 
2.5962e-05 3.2888e-05 6.19 3511.39 
2.5981e-05 3.2058e-05 6.17 3517.57 
2.5720e-05 3.2482e-05 6.09 3523.66 
2.5445e-05 3.3637e-05 6.15 3529.81 
2.5865e-05 3.2738e-05 6.13 3535.94 
2.5739e-05 3.2495e-05 6.07 3542.00 
2.5580e-05 3.3284e-05 6.04 3548.04 
2.5535e-05 3.2611e-05 6.09 3554.13 
2.5255e-05 2.9733e-05 6.24 3560.37 
2.4839e-05 2.8499e-05 6.18 3566.55 
2.5206e-05 2.8836e-05 6.17 3572.72 
2.4527e-05 2.9245e-05 6.16 3578.88 
2.4694e-05 2.9560e-05 6.14 3585.01 
2.6409e-05 2.8052e-05 6.12 3591.13 
2.6007e-05 2.8596e-05 6.10 3597.23 
2.6002e-05 2.9187e-05 6.13 3603.36 
2.5867e-05 2.9378e-05 6.10 3609.46 
2.5798e-05 2.9011e-05 6.05 3615.51 
2.5479e-05 3.5331e-05 6.21 3621.72 
2.4678e-05 4.0687e-05 6.17 3627.89 
2.5143e-05 3.8336e-05 6.17 3634.06 
2.4877e-05 3.5082e-05 6.11 3640.17 
2.4848e-05 3.4257e-05 6.18 3646.35 
2.5918e-05 5.3806e-05 6.16 3652.51 
2.6410e-05 5.4306e-05 6.11 3658.61 
2.6323e-05 4.3435e-05 6.05 3664.67 
2.6090e-05 4.8936e-05 6.11 3670.78 
2.6224e-05 4.8518e-05 6.08 3676.86 
2.6028e-05 3.1852e-05 6.16 3683.02 
2.5176e-05 3.2023e-05 6.16 3689.18 
2.4852e-05 3.1483e-05 6.15 3695.33 
2.4886e-05 3.0626e-05 6.17 3701.50 
2.5011e-05 2.9754e-05 6.13 3707.63 
2.4970e-05 3.3792e-05 6.09 3713.72 
2.4847e-05 3.3332e-05 6.04 3719.76 
2.4198e-05 3.3740e-05 6.12 3725.88 
2.3998e-05 3.4069e-05 6.13 3732.01 
2.3966e-05 3.5729e-05 6.12 3738.13 
2.6578e-05 3.2080e-05 6.16 3744.29 
2.6285e-05 3.1389e-05 6.16 3750.46 
2.5970e-05 3.1049e-05 6.14 3756.60 
2.5380e-05 3.0943e-05 6.17 3762.77 
2.5934e-05 3.1211e-05 6.13 3768.89 
2.4969e-05 3.6963e-05 6.18 3775.07 
2.4827e-05 3.9711e-05 6.13 3781.20 
2.4494e-05 3.8823e-05 6.09 3787.29 
2.4422e-05 3.1811e-05 6.12 3793.40 
2.5083e-05 3.9418e-05 6.13 3799.53 
2.5508e-05 3.4885e-05 6.23 3805.76 
2.5233e-05 3.5366e-05 6.15 3811.91 
2.5305e-05 3.5807e-05 6.17 3818.07 
2.5101e-05 3.4731e-05 6.08 3824.15 
2.4975e-05 3.4585e-05 6.11 3830.27 
2.4847e-05 3.0547e-05 6.16 3836.43 
2.3904e-05 2.9660e-05 6.13 3842.56 
2.4362e-05 3.0783e-05 6.13 3848.70 
2.4067e-05 3.1048e-05 6.12 3854.82 
2.4074e-05 3.1356e-05 6.12 3860.95 
2.4886e-05 3.0292e-05 6.22 3867.17 
2.4571e-05 3.0568e-05 6.15 3873.32 
2.4457e-05 3.0950e-05 6.14 3879.46 
2.4709e-05 3.0673e-05 6.14 3885.60 
2.4869e-05 3.2321e-05 6.12 3891.72 
2.4736e-05 3.1406e-05 6.10 3897.82 
2.4571e-05 2.8996e-05 6.03 3903.85 
1.8295e-05 2.4913e-05 6.03 3909.88 
1.8019e-05 2.4884e-05 6.08 3915.96 
1.7979e-05 2.4891e-05 6.13 3922.09 
1.8013e-05 2.7520e-05 6.23 3928.32 
1.7932e-05 2.7624e-05 6.16 3934.49 
1.7884e-05 2.7741e-05 6.16 3940.65 
1.7838e-05 2.7893e-05 6.15 3946.81 
1.7808e-05 2.8021e-05 6.11 3952.91 
1.7823e-05 2.5272e-05 6.12 3959.03 
1.7790e-05 2.5198e-05 6.03 3965.06 
1.7757e-05 2.5177e-05 6.05 3971.11 
1.7743e-05 2.5204e-05 6.06 3977.18 
1.7726e-05 2.5300e-05 6.07 3983.25 
1.7690e-05 2.5010e-05 6.13 3989.37 
1.7641e-05 2.5008e-05 6.15 3995.52 
1.7595e-05 2.4963e-05 6.14 4001.66 
1.7569e-05 2.4902e-05 6.11 4007.78 
1.7538e-05 2.4905e-05 6.16 4013.94 
1.7833e-05 2.4510e-05 6.12 4020.05 
1.7663e-05 2.4455e-05 6.03 4026.09 
1.7621e-05 2.4468e-05 6.07 4032.15 
1.7589e-05 2.4379e-05 6.10 4038.26 
1.7543e-05 2.4396e-05 6.13 4044.39 
1.7310e-05 2.5642e-05 6.17 4050.56 
1.7286e-05 2.6020e-05 6.12 4056.68 
1.7267e-05 2.6081e-05 6.09 4062.77 
1.7249e-05 2.5967e-05 6.11 4068.88 
1.7230e-05 2.5995e-05 6.11 4074.99 
1.7605e-05 2.4446e-05 6.11 4081.10 
1.7509e-05 2.4327e-05 6.09 4087.18 
1.7468e-05 2.4313e-05 6.04 4093.22 
1.7432e-05 2.4299e-05 6.05 4099.27 
1.7410e-05 2.4307e-05 6.06 4105.34 
1.7429e-05 2.4795e-05 6.13 4111.46 
1.7377e-05 2.4610e-05 6.11 4117.57 
1.7328e-05 2.4548e-05 6.13 4123.71 
1.7302e-05 2.4483e-05 6.10 4129.81 
1.7275e-05 2.4470e-05 6.07 4135.88 
1.7214e-05 2.4767e-05 6.14 4142.03 
1.7149e-05 2.4807e-05 6.03 4148.06 
1.7122e-05 2.4791e-05 6.04 4154.11 
1.7108e-05 2.4779e-05 6.08 4160.19 
1.7082e-05 2.4766e-05 6.08 4166.27 
1.7277e-05 2.4267e-05 6.16 4172.43 
1.7204e-05 2.4374e-05 6.13 4178.55 
1.7180e-05 2.4423e-05 6.12 4184.67 
1.7162e-05 2.4482e-05 6.07 4190.74 
1.7149e-05 2.4512e-05 6.10 4196.85 
1.7175e-05 2.3765e-05 6.10 4202.95 
1.7066e-05 2.3819e-05 6.03 4208.99 
1.7083e-05 2.3860e-05 6.03 4215.02 
1.7056e-05 2.3871e-05 6.06 4221.08 
1.7046e-05 2.3885e-05 6.04 4227.11 
1.7391e-05 3.1106e-05 6.13 4233.24 
1.7352e-05 3.1208e-05 6.08 4239.32 
1.7311e-05 3.1072e-05 6.14 4245.46 
1.7280e-05 3.1242e-05 6.08 4251.55 
1.7253e-05 3.1357e-05 6.08 4257.62 
1.7033e-05 2.6196e-05 6.09 4263.71 
1.6902e-05 2.6257e-05 6.04 4269.75 
1.6895e-05 2.6287e-05 6.03 4275.78 
1.6873e-05 2.6237e-05 6.04 4281.82 
1.6870e-05 2.6356e-05 6.04 4287.85 
1.7166e-05 2.6220e-05 6.13 4293.98 
1.7058e-05 2.6643e-05 6.08 4300.06 
1.7023e-05 2.6948e-05 6.08 4306.14 
1.6993e-05 2.7153e-05 6.13 4312.27 
1.6978e-05 2.7387e-05 6.15 4318.42 
1.6904e-05 2.3750e-05 6.13 4324.55 
1.6852e-05 2.3681e-05 6.07 4330.62 
1.6822e-05 2.3671e-05 6.13 4336.75 
1.6811e-05 2.3683e-05 6.05 4342.79 
1.6782e-05 2.3677e-05 6.10 4348.89 
1.6853e-05 2.4230e-05 6.16 4355.06 
1.6759e-05 2.4218e-05 6.11 4361.16 
1.6702e-05 2.4231e-05 6.12 4367.28 
1.6700e-05 2.4219e-05 6.12 4373.41 
1.6676e-05 2.4218e-05 6.09 4379.50 
1.7178e-05 2.4169e-05 6.16 4385.65 
1.6975e-05 2.4162e-05 6.11 4391.77 
1.6927e-05 2.4277e-05 6.14 4397.91 
1.6892e-05 2.4294e-05 6.15 4404.05 
1.6865e-05 2.4322e-05 6.13 4410.18 
1.6645e-05 2.3750e-05 6.18 4416.36 
1.6589e-05 2.3782e-05 6.14 4422.51 
1.6583e-05 2.3852e-05 6.14 4428.64 
1.6574e-05 2.3893e-05 6.16 4434.80 
1.6564e-05 2.3925e-05 6.09 4440.89 
1.7005e-05 2.4173e-05 6.11 4447.00 
1.6851e-05 2.3997e-05 6.09 4453.10 
1.6834e-05 2.3927e-05 6.14 4459.23 
1.6798e-05 2.3884e-05 6.07 4465.31 
1.6780e-05 2.3865e-05 6.10 4471.40 
1.6672e-05 2.3600e-05 6.23 4477.63 
1.6624e-05 2.3569e-05 6.12 4483.75 
1.6615e-05 2.3606e-05 6.18 4489.93 
1.6598e-05 2.3638e-05 6.15 4496.09 
1.6584e-05 2.3641e-05 6.13 4502.21 
1.6685e-05 2.3241e-05 6.15 4508.36 
1.6568e-05 2.3288e-05 6.12 4514.49 
1.6548e-05 2.3337e-05 6.07 4520.56 
1.6536e-05 2.3379e-05 6.14 4526.70 
1.6519e-05 2.3397e-05 6.11 4532.81 
1.6738e-05 2.4430e-05 6.15 4538.96 
1.6671e-05 2.4365e-05 6.09 4545.05 
1.6683e-05 2.4280e-05 6.09 4551.14 
1.6670e-05 2.4245e-05 6.09 4557.23 
1.6658e-05 2.4222e-05 6.17 4563.40 
1.6691e-05 2.4732e-05 6.14 4569.54 
1.6514e-05 2.4625e-05 6.05 4575.59 
1.6472e-05 2.4747e-05 6.09 4581.67 
1.6453e-05 2.4756e-05 6.05 4587.72 
1.6431e-05 2.4727e-05 6.06 4593.78 
1.6674e-05 2.3594e-05 6.23 4600.02 
1.6585e-05 2.3576e-05 6.14 4606.16 
1.6552e-05 2.3560e-05 6.13 4612.29 
1.6538e-05 2.3555e-05 6.14 4618.43 
1.6528e-05 2.3556e-05 6.13 4624.56 
1.6528e-05 2.3696e-05 6.14 4630.70 
1.6412e-05 2.3802e-05 6.05 4636.75 
1.6396e-05 2.3855e-05 6.05 4642.80 
1.6402e-05 2.3963e-05 6.05 4648.85 
1.6391e-05 2.3966e-05 6.05 4654.89 
1.6488e-05 2.3552e-05 6.22 4661.11 
1.6393e-05 2.3536e-05 6.17 4667.29 
1.6359e-05 2.3595e-05 6.10 4673.39 
1.6342e-05 2.3599e-05 6.09 4679.48 
1.6323e-05 2.3584e-05 6.09 4685.56 
1.6722e-05 2.3646e-05 6.18 4691.74 
1.6552e-05 2.3549e-05 6.13 4697.87 
1.6496e-05 2.3522e-05 6.05 4703.92 
1.6479e-05 2.3475e-05 6.14 4710.06 
1.6464e-05 2.3454e-05 6.13 4716.19 
1.6337e-05 2.3853e-05 6.24 4722.43 
1.6419e-05 2.3787e-05 6.12 4728.55 
1.6388e-05 2.3767e-05 6.17 4734.73 
1.6353e-05 2.3714e-05 6.16 4740.88 
1.6349e-05 2.3736e-05 6.11 4747.00 
1.6468e-05 2.4383e-05 6.11 4753.10 
1.6322e-05 2.4365e-05 6.06 4759.17 
1.6254e-05 2.4220e-05 6.05 4765.22 
1.6228e-05 2.4091e-05 6.05 4771.26 
1.6205e-05 2.4046e-05 6.05 4777.31 
1.6501e-05 2.6393e-05 6.14 4783.45 
1.6308e-05 2.6506e-05 6.09 4789.54 
1.6274e-05 2.6614e-05 6.14 4795.68 
1.6266e-05 2.6671e-05 6.19 4801.87 
1.6237e-05 2.6620e-05 6.17 4808.04 
1.6494e-05 2.3006e-05 6.17 4814.21 
1.6486e-05 2.2985e-05 6.13 4820.34 
1.6450e-05 2.3019e-05 6.11 4826.45 
1.6410e-05 2.3032e-05 6.10 4832.55 
1.6379e-05 2.3020e-05 6.12 4838.67 
1.6527e-05 2.3192e-05 6.17 4844.84 
1.6325e-05 2.3147e-05 6.12 4850.96 
1.6280e-05 2.3317e-05 6.19 4857.15 
1.6264e-05 2.3208e-05 6.13 4863.28 
1.6238e-05 2.3150e-05 6.14 4869.42 
1.6140e-05 2.4151e-05 6.18 4875.60 
1.6149e-05 2.4255e-05 6.14 4881.74 
1.6121e-05 2.4194e-05 6.14 4887.88 
1.6099e-05 2.4154e-05 6.12 4894.00 
1.6082e-05 2.4103e-05 6.11 4900.11 
1.6330e-05 2.3177e-05 6.25 4906.35 
1.6166e-05 2.3090e-05 6.19 4912.54 
1.6123e-05 2.3066e-05 6.19 4918.73 
1.6092e-05 2.3050e-05 6.13 4924.86 
1.6084e-05 2.3046e-05 6.17 4931.03 
1.5952e-05 2.3567e-05 6.18 4937.21 
1.5962e-05 2.3504e-05 6.08 4943.29 
1.6015e-05 2.3551e-05 6.11 4949.41 
1.6053e-05 2.3573e-05 6.09 4955.50 
1.6099e-05 2.3537e-05 6.11 4961.61 
1.6060e-05 2.3679e-05 6.20 4967.81 
1.5988e-05 2.3628e-05 6.12 4973.92 
1.5937e-05 2.3588e-05 6.09 4980.02 
1.5921e-05 2.3764e-05 6.10 4986.12 
1.5903e-05 2.3664e-05 6.13 4992.25 
1.6127e-05 2.2928e-05 6.16 4998.42 
1.5911e-05 2.2912e-05 6.10 5004.51 
1.5902e-05 2.2903e-05 6.13 5010.65 
1.5864e-05 2.2902e-05 6.14 5016.79 
1.5836e-05 2.2905e-05 6.13 5022.92 
1.6065e-05 2.3671e-05 6.15 5029.07 
1.5894e-05 2.3562e-05 6.09 5035.16 
1.5859e-05 2.3513e-05 6.11 5041.27 
1.5848e-05 2.3467e-05 6.10 5047.37 
1.5836e-05 2.3498e-05 6.13 5053.50 
1.5960e-05 2.2886e-05 6.20 5059.69 
1.5849e-05 2.2890e-05 6.11 5065.80 
1.5820e-05 2.2872e-05 6.06 5071.86 
1.5809e-05 2.2886e-05 6.04 5077.90 
1.5798e-05 2.2863e-05 6.04 5083.94 
1.5996e-05 2.2627e-05 6.16 5090.11 
1.5851e-05 2.2677e-05 6.08 5096.19 
1.5829e-05 2.2691e-05 6.13 5102.32 
1.5813e-05 2.2660e-05 6.13 5108.45 
1.5792e-05 2.2675e-05 6.09 5114.54 
1.6014e-05 2.3506e-05 6.11 5120.65 
1.5829e-05 2.3750e-05 6.05 5126.70 
1.5804e-05 2.3702e-05 6.05 5132.75 
1.5785e-05 2.3673e-05 6.04 5138.80 
1.5773e-05 2.3881e-05 6.19 5144.99 
1.6168e-05 2.2758e-05 6.26 5151.25 
1.5996e-05 2.2705e-05 6.19 5157.44 
1.5922e-05 2.2709e-05 6.19 5163.63 
1.5914e-05 2.2701e-05 6.19 5169.82 
1.5902e-05 2.2708e-05 6.19 5176.01 
1.5832e-05 2.2532e-05 6.20 5182.20 
1.5698e-05 2.2507e-05 6.15 5188.35 
1.5678e-05 2.2536e-05 6.08 5194.43 
1.5680e-05 2.2561e-05 6.07 5200.50 
1.5654e-05 2.2516e-05 6.14 5206.64 
1.5994e-05 2.2753e-05 6.23 5212.88 
1.5791e-05 2.2786e-05 6.18 5219.06 
1.5747e-05 2.2824e-05 6.14 5225.20 
1.5726e-05 2.2839e-05 6.15 5231.35 
1.5709e-05 2.2867e-05 6.18 5237.53 
1.5904e-05 2.6072e-05 6.18 5243.71 
1.5881e-05 2.5641e-05 6.11 5249.82 
1.5846e-05 2.5333e-05 6.14 5255.96 
1.5826e-05 2.5558e-05 6.14 5262.10 
1.5814e-05 2.5237e-05 6.14 5268.25 
1.6243e-05 2.3371e-05 6.24 5274.48 
1.5813e-05 2.3168e-05 6.19 5280.67 
1.5751e-05 2.3103e-05 6.16 5286.83 
1.5757e-05 2.3115e-05 6.16 5292.99 
1.5729e-05 2.3064e-05 6.19 5299.18 
1.5811e-05 2.3243e-05 6.22 5305.39 
1.5667e-05 2.3166e-05 6.15 5311.54 
1.5662e-05 2.3210e-05 6.14 5317.68 
1.5632e-05 2.3159e-05 6.08 5323.77 
1.5645e-05 2.3521e-05 6.05 5329.82 
1.5774e-05 2.2438e-05 6.15 5335.97 
1.5610e-05 2.2993e-05 6.15 5342.12 
1.5661e-05 2.2905e-05 6.16 5348.28 
1.5646e-05 2.2863e-05 6.17 5354.44 
1.5622e-05 2.2867e-05 6.18 5360.63 
1.5772e-05 2.2723e-05 6.20 5366.82 
1.5575e-05 2.2735e-05 6.11 5372.94 
1.5564e-05 2.2637e-05 6.14 5379.07 
1.5541e-05 2.2532e-05 6.14 5385.21 
1.5493e-05 2.2594e-05 6.14 5391.35 
1.5949e-05 2.2785e-05 6.22 5397.57 
1.5714e-05 2.2657e-05 6.17 5403.75 
1.5691e-05 2.2669e-05 6.18 5409.93 
1.5683e-05 2.2661e-05 6.18 5416.10 
1.5665e-05 2.2674e-05 6.12 5422.23 
1.5676e-05 2.3697e-05 6.18 5428.41 
1.5625e-05 2.3660e-05 6.05 5434.46 
1.5654e-05 2.3506e-05 6.11 5440.57 
1.5610e-05 2.3516e-05 6.10 5446.67 
1.5602e-05 2.3448e-05 6.12 5452.79 
1.5735e-05 2.2919e-05 6.20 5458.99 
1.5566e-05 2.2910e-05 6.09 5465.08 
1.5552e-05 2.2962e-05 6.10 5471.17 
1.5542e-05 2.3000e-05 6.10 5477.27 
1.5537e-05 2.2953e-05 6.09 5483.37 
1.5673e-05 2.2155e-05 6.11 5489.48 
1.5573e-05 2.2196e-05 6.05 5495.53 
1.5530e-05 2.2212e-05 6.05 5501.58 
1.5514e-05 2.2222e-05 6.05 5507.63 
1.5501e-05 2.2231e-05 6.05 5513.68 
1.5844e-05 2.2684e-05 6.15 5519.82 
1.5465e-05 2.2545e-05 6.09 5525.92 
1.5463e-05 2.2573e-05 6.15 5532.07 
1.5457e-05 2.2460e-05 6.18 5538.25 
1.5448e-05 2.2419e-05 6.14 5544.40 
1.5888e-05 2.2442e-05 6.11 5550.51 
1.5673e-05 2.2383e-05 6.05 5556.56 
1.5604e-05 2.2436e-05 6.13 5562.70 
1.5585e-05 2.2451e-05 6.13 5568.83 
1.5561e-05 2.2439e-05 6.10 5574.93 
1.5624e-05 2.2515e-05 6.22 5581.16 
1.5480e-05 2.2511e-05 6.17 5587.32 
1.5448e-05 2.2657e-05 6.10 5593.42 
1.5421e-05 2.2762e-05 6.09 5599.51 
1.5397e-05 2.2770e-05 6.09 5605.60 
1.5460e-05 2.2369e-05 6.11 5611.71 
1.5377e-05 2.2261e-05 6.05 5617.76 
1.5365e-05 2.2256e-05 6.05 5623.81 
1.5346e-05 2.2247e-05 6.06 5629.87 
1.5306e-05 2.2236e-05 6.05 5635.92 
1.5592e-05 2.1992e-05 6.14 5642.06 
1.5367e-05 2.1966e-05 6.09 5648.15 
1.5350e-05 2.1965e-05 6.09 5654.25 
1.5338e-05 2.1986e-05 6.12 5660.37 
1.5322e-05 2.1975e-05 6.14 5666.51 
1.5339e-05 2.2844e-05 6.12 5672.62 
1.5217e-05 2.2922e-05 6.14 5678.76 
1.5194e-05 2.2857e-05 6.11 5684.87 
1.5166e-05 2.2905e-05 6.08 5690.95 
1.5143e-05 2.2996e-05 6.06 5697.01 
1.5428e-05 2.1935e-05 6.15 5703.15 
1.5290e-05 2.2095e-05 6.09 5709.24 
1.5256e-05 2.2315e-05 6.10 5715.34 
1.5241e-05 2.2249e-05 6.14 5721.48 
1.5233e-05 2.2243e-05 6.19 5727.67 
1.5673e-05 2.2897e-05 6.21 5733.89 
1.5468e-05 2.2829e-05 6.09 5739.98 
1.5398e-05 2.2843e-05 6.13 5746.11 
1.5389e-05 2.2851e-05 6.14 5752.25 
1.5374e-05 2.2888e-05 6.15 5758.40 
1.5313e-05 2.2271e-05 6.23 5764.62 
1.5281e-05 2.2333e-05 6.19 5770.82 
1.5273e-05 2.2261e-05 6.20 5777.01 
1.5214e-05 2.2312e-05 6.17 5783.18 
1.5233e-05 2.2360e-05 6.18 5789.36 
1.5275e-05 2.2227e-05 6.20 5795.56 
1.5222e-05 2.2262e-05 6.10 5801.66 
1.5198e-05 2.2278e-05 6.14 5807.80 
1.5191e-05 2.2308e-05 6.14 5813.93 
1.5202e-05 2.2307e-05 6.11 5820.04 
1.5369e-05 2.2875e-05 6.21 5826.25 
1.5304e-05 2.3258e-05 6.10 5832.36 
1.5250e-05 2.3575e-05 6.09 5838.45 
1.5296e-05 2.4071e-05 6.10 5844.55 
1.5369e-05 2.3903e-05 6.09 5850.64 
1.5329e-05 2.3487e-05 6.11 5856.75 
1.5221e-05 2.3619e-05 6.05 5862.79 
1.5199e-05 2.3732e-05 6.05 5868.84 
1.5208e-05 2.3731e-05 6.05 5874.89 
1.5199e-05 2.3670e-05 6.05 5880.94 
1.5519e-05 2.2129e-05 6.15 5887.10 
1.5230e-05 2.2206e-05 6.17 5893.27 
1.5159e-05 2.2229e-05 6.19 5899.46 
1.5177e-05 2.2260e-05 6.12 5905.58 
1.5129e-05 2.2223e-05 6.13 5911.71 
1.5207e-05 2.2249e-05 6.12 5917.83 
1.5095e-05 2.2198e-05 6.13 5923.96 
1.5112e-05 2.2217e-05 6.14 5930.10 
1.5128e-05 2.2195e-05 6.11 5936.21 
1.5106e-05 2.2225e-05 6.14 5942.34 
1.5266e-05 2.4253e-05 6.22 5948.56 
1.5120e-05 2.4673e-05 6.19 5954.75 
1.5075e-05 2.4801e-05 6.16 5960.91 
1.5067e-05 2.4694e-05 6.15 5967.06 
1.5039e-05 2.4714e-05 6.12 5973.18 
1.5537e-05 2.1933e-05 6.19 5979.37 
1.5276e-05 2.1740e-05 6.12 5985.49 
1.5195e-05 2.1724e-05 6.05 5991.54 
1.5256e-05 2.1722e-05 6.09 5997.63 
1.5253e-05 2.1740e-05 6.11 6003.74 
1.5133e-05 2.3746e-05 6.24 6009.98 
1.5147e-05 2.3892e-05 6.16 6016.15 
1.5137e-05 2.4158e-05 6.13 6022.28 
1.5139e-05 2.4035e-05 6.14 6028.42 
1.5122e-05 2.4013e-05 6.09 6034.52 
1.5238e-05 2.1483e-05 6.13 6040.64 
1.5079e-05 2.1653e-05 6.13 6046.78 
1.5043e-05 2.1624e-05 6.15 6052.93 
1.5028e-05 2.1635e-05 6.14 6059.07 
1.4998e-05 2.1569e-05 6.14 6065.22 
1.5198e-05 2.2193e-05 6.25 6071.47 
1.5089e-05 2.2430e-05 6.14 6077.60 
1.5025e-05 2.2516e-05 6.10 6083.70 
1.4991e-05 2.2571e-05 6.19 6089.89 
1.4969e-05 2.2701e-05 6.11 6096.01 
1.5282e-05 2.1995e-05 6.20 6102.21 
1.5128e-05 2.1954e-05 6.11 6108.32 
1.5062e-05 2.1930e-05 6.15 6114.46 
1.5037e-05 2.1933e-05 6.12 6120.58 
1.5037e-05 2.1926e-05 6.14 6126.73 
1.5225e-05 2.1966e-05 6.24 6132.97 
1.5129e-05 2.2017e-05 6.19 6139.16 
1.5126e-05 2.2126e-05 6.17 6145.33 
1.5127e-05 2.2099e-05 6.18 6151.52 
1.5127e-05 2.2126e-05 6.17 6157.68 
1.4985e-05 2.2457e-05 6.16 6163.85 
1.4940e-05 2.2083e-05 6.09 6169.93 
1.4899e-05 2.2067e-05 6.12 6176.06 
1.4890e-05 2.2024e-05 6.14 6182.20 
1.4852e-05 2.2077e-05 6.14 6188.34 
1.4988e-05 2.2373e-05 6.19 6194.53 
1.4866e-05 2.2463e-05 6.19 6200.72 
1.4896e-05 2.2545e-05 6.19 6206.91 
1.4850e-05 2.2560e-05 6.18 6213.10 
1.4821e-05 2.2636e-05 6.16 6219.26 
1.5067e-05 2.2164e-05 6.14 6225.39 
1.4948e-05 2.2127e-05 6.15 6231.54 
1.4896e-05 2.2079e-05 6.15 6237.69 
1.4878e-05 2.2108e-05 6.05 6243.74 
1.4888e-05 2.2102e-05 6.12 6249.85 
1.5106e-05 2.2189e-05 6.23 6256.08 
1.4908e-05 2.2124e-05 6.14 6262.22 
1.4891e-05 2.2286e-05 6.15 6268.37 
1.4888e-05 2.2321e-05 6.12 6274.49 
1.4885e-05 2.2144e-05 6.18 6280.67 
1.5030e-05 2.1873e-05 6.19 6286.86 
1.4886e-05 2.1879e-05 6.15 6293.01 
1.4883e-05 2.1918e-05 6.14 6299.15 
1.4847e-05 2.1931e-05 6.09 6305.24 
1.4793e-05 2.1844e-05 6.13 6311.38 
1.4843e-05 2.1534e-05 6.22 6317.59 
1.4796e-05 2.1528e-05 6.20 6323.79 
1.4874e-05 2.1518e-05 6.19 6329.98 
1.4827e-05 2.1555e-05 6.18 6336.16 
1.4847e-05 2.1534e-05 6.19 6342.35 
1.4941e-05 2.1636e-05 6.20 6348.55 
1.4786e-05 2.1655e-05 6.09 6354.63 
1.3372e-05 2.1136e-05 6.13 6360.76 
1.3297e-05 2.1120e-05 6.12 6366.88 
1.3295e-05 2.1113e-05 6.07 6372.95 
1.3332e-05 2.0928e-05 6.16 6379.11 
1.3312e-05 2.0920e-05 6.20 6385.32 
1.3299e-05 2.0917e-05 6.19 6391.51 
1.3291e-05 2.0910e-05 6.17 6397.68 
1.3285e-05 2.0908e-05 6.19 6403.87 
1.3300e-05 2.0951e-05 6.19 6410.07 
1.3292e-05 2.0949e-05 6.09 6416.15 
1.3286e-05 2.0947e-05 6.12 6422.27 
1.3280e-05 2.0946e-05 6.14 6428.41 
1.3275e-05 2.0945e-05 6.10 6434.51 
1.3272e-05 2.0941e-05 6.20 6440.72 
1.3260e-05 2.0962e-05 6.19 6446.91 
1.3254e-05 2.0972e-05 6.12 6453.02 
1.3251e-05 2.0983e-05 6.19 6459.21 
1.3248e-05 2.0989e-05 6.19 6465.40 
1.3255e-05 2.1313e-05 6.18 6471.58 
1.3255e-05 2.1310e-05 6.14 6477.72 
1.3252e-05 2.1312e-05 6.11 6483.83 
1.3250e-05 2.1314e-05 6.13 6489.96 
1.3247e-05 2.1311e-05 6.13 6496.10 
1.3229e-05 2.1008e-05 6.23 6502.33 
1.3196e-05 2.1013e-05 6.19 6508.52 
1.3194e-05 2.1015e-05 6.19 6514.71 
1.3192e-05 2.1015e-05 6.17 6520.88 
1.3189e-05 2.1015e-05 6.19 6527.06 
1.3204e-05 2.1027e-05 6.20 6533.27 
1.3186e-05 2.1013e-05 6.14 6539.41 
1.3178e-05 2.1016e-05 6.09 6545.49 
1.3175e-05 2.1016e-05 6.10 6551.60 
1.3172e-05 2.1018e-05 6.15 6557.75 
1.3192e-05 2.0956e-05 6.24 6563.99 
1.3173e-05 2.0954e-05 6.16 6570.15 
1.3164e-05 2.0951e-05 6.18 6576.32 
1.3159e-05 2.0950e-05 6.14 6582.46 
1.3155e-05 2.0950e-05 6.18 6588.64 
1.3214e-05 2.0833e-05 6.18 6594.82 
1.3191e-05 2.0834e-05 6.10 6600.92 
1.3182e-05 2.0834e-05 6.10 6607.02 
1.3177e-05 2.0839e-05 6.14 6613.16 
1.3174e-05 2.0840e-05 6.08 6619.24 
1.3150e-05 2.1658e-05 6.22 6625.45 
1.3152e-05 2.1645e-05 6.20 6631.65 
1.3145e-05 2.1649e-05 6.18 6637.84 
1.3141e-05 2.1629e-05 6.17 6644.01 
1.3137e-05 2.1630e-05 6.16 6650.17 
1.3200e-05 2.1012e-05 6.18 6656.35 
1.3149e-05 2.1012e-05 6.16 6662.50 
1.3141e-05 2.1004e-05 6.15 6668.65 
1.3137e-05 2.0997e-05 6.14 6674.79 
1.3133e-05 2.0996e-05 6.13 6680.93 
1.3184e-05 2.0983e-05 6.23 6687.16 
1.3166e-05 2.0965e-05 6.16 6693.32 
1.3161e-05 2.0955e-05 6.18 6699.50 
1.3156e-05 2.0948e-05 6.19 6705.69 
1.3153e-05 2.0944e-05 6.19 6711.88 
1.3196e-05 2.0786e-05 6.19 6718.07 
1.3177e-05 2.0783e-05 6.08 6724.15 
1.3170e-05 2.0787e-05 6.14 6730.28 
1.3166e-05 2.0789e-05 6.15 6736.43 
1.3163e-05 2.0792e-05 6.13 6742.56 
1.3167e-05 2.1052e-05 6.19 6748.75 
1.3147e-05 2.1063e-05 6.12 6754.86 
1.3142e-05 2.1074e-05 6.19 6761.05 
1.3138e-05 2.1081e-05 6.19 6767.24 
1.3136e-05 2.1089e-05 6.19 6773.43 
1.3132e-05 2.0836e-05 6.20 6779.63 
1.3121e-05 2.0843e-05 6.11 6785.73 
1.3116e-05 2.0843e-05 6.14 6791.87 
1.3113e-05 2.0849e-05 6.13 6798.01 
1.3111e-05 2.0848e-05 6.11 6804.12 
1.3123e-05 2.0871e-05 6.20 6810.32 
1.3099e-05 2.0876e-05 6.15 6816.47 
1.3096e-05 2.0880e-05 6.18 6822.65 
1.3094e-05 2.0880e-05 6.18 6828.83 
1.3092e-05 2.0881e-05 6.18 6835.01 
1.3149e-05 2.0955e-05 6.16 6841.17 
1.3127e-05 2.0946e-05 6.10 6847.27 
1.3117e-05 2.0945e-05 6.08 6853.35 
1.3111e-05 2.0941e-05 6.06 6859.41 
1.3108e-05 2.0939e-05 6.14 6865.55 
1.3122e-05 2.1158e-05 6.25 6871.80 
1.3101e-05 2.1163e-05 6.12 6877.92 
1.3094e-05 2.1187e-05 6.10 6884.02 
1.3092e-05 2.1191e-05 6.18 6890.20 
1.3088e-05 2.1194e-05 6.16 6896.36 
1.3167e-05 2.0923e-05 6.16 6902.52 
1.3132e-05 2.0934e-05 6.13 6908.65 
1.3126e-05 2.0940e-05 6.07 6914.72 
1.3120e-05 2.0946e-05 6.13 6920.85 
1.3118e-05 2.0951e-05 6.12 6926.98 
1.3125e-05 2.0842e-05 6.24 6933.22 
1.3121e-05 2.0856e-05 6.14 6939.36 
1.3117e-05 2.0865e-05 6.16 6945.52 
1.3111e-05 2.0871e-05 6.17 6951.69 
1.3108e-05 2.0876e-05 6.17 6957.86 
1.3073e-05 2.0797e-05 6.19 6964.05 
1.3070e-05 2.0787e-05 6.12 6970.17 
1.3066e-05 2.0779e-05 6.13 6976.31 
1.3062e-05 2.0786e-05 6.13 6982.44 
1.3060e-05 2.0776e-05 6.10 6988.54 
1.3033e-05 2.0927e-05 6.24 6994.78 
1.3029e-05 2.0926e-05 6.18 7000.95 
1.3024e-05 2.0927e-05 6.17 7007.12 
1.3019e-05 2.0928e-05 6.16 7013.28 
1.3016e-05 2.0924e-05 6.13 7019.41 
1.3104e-05 2.0743e-05 6.17 7025.58 
1.3063e-05 2.0737e-05 6.09 7031.67 
1.3054e-05 2.0732e-05 6.13 7037.80 
1.3050e-05 2.0730e-05 6.09 7043.89 
1.3047e-05 2.0726e-05 6.14 7050.03 
1.3013e-05 2.0723e-05 6.24 7056.27 
1.3003e-05 2.0722e-05 6.18 7062.46 
1.2999e-05 2.0723e-05 6.11 7068.57 
1.2995e-05 2.0726e-05 6.14 7074.71 
1.2990e-05 2.0727e-05 6.18 7080.89 
1.3060e-05 2.0918e-05 6.20 7087.10 
1.3047e-05 2.0938e-05 6.07 7093.17 
1.3040e-05 2.0980e-05 6.05 7099.22 
1.3036e-05 2.0987e-05 6.12 7105.34 
1.3034e-05 2.1011e-05 6.13 7111.47 
1.3035e-05 2.0775e-05 6.22 7117.69 
1.3027e-05 2.0775e-05 6.13 7123.82 
1.3025e-05 2.0776e-05 6.16 7129.98 
1.3024e-05 2.0779e-05 6.13 7136.12 
1.3024e-05 2.0776e-05 6.13 7142.25 
1.3041e-05 2.0714e-05 6.11 7148.35 
1.3025e-05 2.0711e-05 6.10 7154.45 
1.3020e-05 2.0710e-05 6.13 7160.58 
1.3018e-05 2.0710e-05 6.14 7166.72 
1.3015e-05 2.0710e-05 6.08 7172.81 
1.2994e-05 2.0799e-05 6.18 7178.99 
1.3000e-05 2.0807e-05 6.18 7185.17 
1.2997e-05 2.0818e-05 6.10 7191.26 
1.2996e-05 2.0823e-05 6.09 7197.36 
1.2994e-05 2.0825e-05 6.16 7203.52 
1.3040e-05 2.0704e-05 6.17 7209.68 
1.3017e-05 2.0707e-05 6.08 7215.77 
1.3013e-05 2.0707e-05 6.05 7221.82 
1.3011e-05 2.0703e-05 6.05 7227.87 
1.3007e-05 2.0704e-05 6.13 7234.00 
1.3014e-05 2.0863e-05 6.15 7240.16 
1.2996e-05 2.0870e-05 6.11 7246.27 
1.2988e-05 2.0874e-05 6.10 7252.37 
1.2982e-05 2.0871e-05 6.09 7258.45 
1.2980e-05 2.0865e-05 6.16 7264.62 
1.3003e-05 2.1017e-05 6.16 7270.78 
1.2984e-05 2.1015e-05 6.11 7276.89 
1.2977e-05 2.1016e-05 6.09 7282.98 
1.2973e-05 2.1007e-05 6.05 7289.03 
1.2969e-05 2.1003e-05 6.05 7295.08 
1.3002e-05 2.0664e-05 6.17 7301.25 
1.2978e-05 2.0664e-05 6.10 7307.35 
1.2976e-05 2.0665e-05 6.12 7313.46 
1.2974e-05 2.0668e-05 6.17 7319.63 
1.2971e-05 2.0667e-05 6.14 7325.77 
1.3014e-05 2.0714e-05 6.11 7331.87 
1.3000e-05 2.0703e-05 6.09 7337.96 
1.2994e-05 2.0697e-05 6.05 7344.02 
1.2990e-05 2.0694e-05 6.10 7350.12 
1.2987e-05 2.0689e-05 6.09 7356.21 
1.2980e-05 2.0605e-05 6.17 7362.38 
1.2955e-05 2.0607e-05 6.13 7368.51 
1.2948e-05 2.0613e-05 6.17 7374.68 
1.2943e-05 2.0616e-05 6.11 7380.79 
1.2940e-05 2.0619e-05 6.10 7386.89 
1.2983e-05 2.0701e-05 6.16 7393.05 
1.2958e-05 2.0703e-05 6.14 7399.18 
1.2951e-05 2.0702e-05 6.08 7405.26 
1.2947e-05 2.0702e-05 6.05 7411.31 
1.2942e-05 2.0700e-05 6.05 7417.37 
1.2939e-05 2.1202e-05 6.18 7423.55 
1.2924e-05 2.1234e-05 6.15 7429.69 
1.2922e-05 2.1263e-05 6.15 7435.85 
1.2919e-05 2.1290e-05 6.17 7442.02 
1.2918e-05 2.1314e-05 6.18 7448.20 
1.2985e-05 2.0651e-05 6.19 7454.38 
1.2961e-05 2.0647e-05 6.14 7460.52 
1.2953e-05 2.0649e-05 6.10 7466.62 
1.2948e-05 2.0649e-05 6.10 7472.73 
1.2946e-05 2.0648e-05 6.09 7478.82 
1.2922e-05 2.0676e-05 6.19 7485.01 
1.2920e-05 2.0683e-05 6.10 7491.11 
1.2919e-05 2.0684e-05 6.18 7497.28 
1.2918e-05 2.0688e-05 6.18 7503.47 
1.2915e-05 2.0692e-05 6.18 7509.65 
1.2934e-05 2.0699e-05 6.19 7515.84 
1.2903e-05 2.0706e-05 6.14 7521.98 
1.2897e-05 2.0708e-05 6.14 7528.12 
1.2895e-05 2.0713e-05 6.11 7534.23 
1.2892e-05 2.0713e-05 6.08 7540.31 
1.2943e-05 2.0632e-05 6.23 7546.53 
1.2915e-05 2.0623e-05 6.17 7552.71 
1.2907e-05 2.0619e-05 6.19 7558.90 
1.2902e-05 2.0623e-05 6.18 7565.08 
1.2899e-05 2.0624e-05 6.18 7571.26 
1.2906e-05 2.0652e-05 6.13 7577.39 
1.2896e-05 2.0651e-05 6.14 7583.53 
1.2890e-05 2.0646e-05 6.13 7589.66 
1.2886e-05 2.0646e-05 6.09 7595.75 
1.2883e-05 2.0648e-05 6.09 7601.85 
1.2878e-05 2.0726e-05 6.23 7608.08 
1.2883e-05 2.0708e-05 6.18 7614.25 
1.2880e-05 2.0709e-05 6.18 7620.43 
1.2879e-05 2.0710e-05 6.17 7626.60 
1.2877e-05 2.0712e-05 6.18 7632.79 
1.2938e-05 2.0641e-05 6.20 7638.98 
1.2906e-05 2.0648e-05 6.11 7645.09 
1.2899e-05 2.0652e-05 6.05 7651.14 
1.2894e-05 2.0651e-05 6.06 7657.19 
1.2891e-05 2.0660e-05 6.10 7663.30 
1.2862e-05 2.0558e-05 6.22 7669.51 
1.2850e-05 2.0561e-05 6.14 7675.65 
1.2848e-05 2.0557e-05 6.18 7681.83 
1.2845e-05 2.0559e-05 6.18 7688.02 
1.2843e-05 2.0553e-05 6.18 7694.20 
1.2864e-05 2.0835e-05 6.18 7700.38 
1.2838e-05 2.0812e-05 6.14 7706.52 
1.2834e-05 2.0823e-05 6.11 7712.63 
1.2832e-05 2.0824e-05 6.15 7718.78 
1.2828e-05 2.0816e-05 6.13 7724.91 
1.2892e-05 2.0610e-05 6.24 7731.15 
1.2862e-05 2.0612e-05 6.18 7737.33 
1.2853e-05 2.0612e-05 6.15 7743.48 
1.2848e-05 2.0610e-05 6.15 7749.62 
1.2843e-05 2.0608e-05 6.17 7755.79 
1.2907e-05 2.0668e-05 6.13 7761.92 
1.2881e-05 2.0662e-05 6.10 7768.02 
1.2874e-05 2.0661e-05 6.14 7774.16 
1.2869e-05 2.0659e-05 6.14 7780.30 
1.2868e-05 2.0661e-05 6.09 7786.39 
1.2867e-05 2.0552e-05 6.19 7792.58 
1.2859e-05 2.0537e-05 6.11 7798.69 
1.2851e-05 2.0533e-05 6.10 7804.79 
1.2848e-05 2.0531e-05 6.12 7810.91 
1.2844e-05 2.0529e-05 6.09 7817.00 
1.2853e-05 2.1037e-05 6.14 7823.14 
1.2840e-05 2.1058e-05 6.13 7829.27 
1.2833e-05 2.1068e-05 6.13 7835.40 
1.2831e-05 2.1068e-05 6.11 7841.51 
1.2825e-05 2.1071e-05 6.13 7847.64 
1.2931e-05 2.0572e-05 6.23 7853.87 
1.2885e-05 2.0579e-05 6.19 7860.06 
1.2877e-05 2.0580e-05 6.19 7866.25 
1.2870e-05 2.0588e-05 6.16 7872.41 
1.2867e-05 2.0595e-05 6.15 7878.57 
1.2815e-05 2.0617e-05 6.11 7884.68 
1.2812e-05 2.0622e-05 6.13 7890.81 
1.2808e-05 2.0628e-05 6.14 7896.95 
1.2807e-05 2.0632e-05 6.14 7903.09 
1.2805e-05 2.0632e-05 6.14 7909.23 
1.2837e-05 2.0519e-05 6.24 7915.46 
1.2817e-05 2.0531e-05 6.13 7921.59 
1.2813e-05 2.0535e-05 6.16 7927.75 
1.2810e-05 2.0537e-05 6.12 7933.87 
1.2808e-05 2.0538e-05 6.09 7939.96 
1.2829e-05 2.0528e-05 6.11 7946.07 
1.2808e-05 2.0528e-05 6.06 7952.12 
1.2804e-05 2.0529e-05 6.05 7958.17 
1.2799e-05 2.0529e-05 6.05 7964.22 
1.2797e-05 2.0532e-05 6.05 7970.28 
1.2828e-05 2.0593e-05 6.32 7976.60 
1.2822e-05 2.0586e-05 6.10 7982.70 
1.2819e-05 2.0587e-05 6.15 7988.85 
1.2815e-05 2.0581e-05 6.18 7995.03 
1.2810e-05 2.0578e-05 6.18 8001.21 
1.2782e-05 2.0595e-05 6.16 8007.38 
1.2779e-05 2.0596e-05 6.09 8013.46 
1.2773e-05 2.0601e-05 6.10 8019.56 
1.2772e-05 2.0604e-05 6.05 8025.61 
1.2767e-05 2.0604e-05 6.07 8031.69 
1.2833e-05 2.0428e-05 6.15 8037.84 
1.2796e-05 2.0426e-05 6.14 8043.97 
1.2788e-05 2.0426e-05 6.18 8050.15 
1.2782e-05 2.0426e-05 6.16 8056.31 
1.2778e-05 2.0428e-05 6.09 8062.41 
1.2777e-05 2.0834e-05 6.12 8068.53 
1.2772e-05 2.0868e-05 6.15 8074.68 
1.2771e-05 2.0876e-05 6.14 8080.82 
1.2770e-05 2.0901e-05 6.14 8086.96 
1.2768e-05 2.0894e-05 6.15 8093.11 
1.2826e-05 2.0714e-05 6.23 8099.34 
1.2797e-05 2.0710e-05 6.18 8105.52 
1.2792e-05 2.0707e-05 6.19 8111.71 
1.2788e-05 2.0706e-05 6.18 8117.89 
1.2786e-05 2.0705e-05 6.19 8124.09 
1.2787e-05 2.0431e-05 6.18 8130.27 
1.2772e-05 2.0428e-05 6.14 8136.40 
1.2769e-05 2.0432e-05 6.15 8142.55 
1.2764e-05 2.0436e-05 6.15 8148.70 
1.2763e-05 2.0437e-05 6.11 8154.81 
1.2787e-05 2.1191e-05 6.24 8161.05 
1.2769e-05 2.1216e-05 6.19 8167.24 
1.2764e-05 2.1233e-05 6.20 8173.44 
1.2760e-05 2.1240e-05 6.19 8179.62 
1.2757e-05 2.1234e-05 6.18 8185.80 
1.2788e-05 2.0548e-05 6.13 8191.93 
1.2756e-05 2.0543e-05 6.14 8198.07 
1.2752e-05 2.0539e-05 6.15 8204.22 
1.2748e-05 2.0537e-05 6.14 8210.36 
1.2742e-05 2.0537e-05 6.15 8216.51 
1.2762e-05 2.0605e-05 6.23 8222.75 
1.2738e-05 2.0587e-05 6.19 8228.94 
1.2735e-05 2.0577e-05 6.19 8235.12 
1.2732e-05 2.0569e-05 6.16 8241.28 
1.2729e-05 2.0559e-05 6.16 8247.44 
1.2742e-05 2.0527e-05 6.17 8253.61 
1.2720e-05 2.0532e-05 6.11 8259.71 
1.2716e-05 2.0531e-05 6.14 8265.86 
1.2713e-05 2.0531e-05 6.09 8271.95 
1.2711e-05 2.0532e-05 6.13 8278.08 
1.2756e-05 2.0523e-05 6.25 8284.33 
1.2760e-05 2.0535e-05 6.18 8290.50 
1.2756e-05 2.0539e-05 6.19 8296.69 
1.2753e-05 2.0549e-05 6.18 8302.87 
1.2750e-05 2.0553e-05 6.17 8309.04 
1.2718e-05 2.0425e-05 6.17 8315.21 
1.2702e-05 2.0425e-05 6.05 8321.27 
1.2703e-05 2.0423e-05 6.11 8327.38 
1.2702e-05 2.0418e-05 6.12 8333.50 
1.2702e-05 2.0423e-05 6.14 8339.63 
1.2761e-05 2.0428e-05 6.18 8345.81 
1.2751e-05 2.0432e-05 6.10 8351.91 
